# MODIS Aqua GEOGRAPHIC METADATA TEXT FILE day 2017-07-21
# NFiles = 288, max geo IngestTime = 2018-01-29 19:56:28.888425
# GranuleID,StartDateTime,ArchiveSet,OrbitNumber,DayNightFlag,EastBoundingCoord,NorthBoundingCoord,SouthBoundingCoord,WestBoundingCoord,GRingLongitude1,GRingLongitude2,GRingLongitude3,GRingLongitude4,GRingLatitude1,GRingLatitude2,GRingLatitude3,GRingLatitude4
MYD03.A2017202.0000.061.2018029162028.hdf,2017-07-21 00:00,61,80920,D,-131.583730679409,-28.7522075200418,-50.2611034939312,-164.835577687831,-131.581352001748,-163.364702973065,-164.854050900831,-140.071827090928,-45.7447235435794,-50.2768097205216,-31.9530089072302,-28.6412215878927
MYD03.A2017202.0005.061.2018029162020.hdf,2017-07-21 00:05,61,80920,D,-140.525974735788,-11.2686638335868,-32.3028076249803,-167.465541178938,-140.521389274016,-164.907561400383,-167.48815150433,-145.884404474581,-28.8261334313241,-32.3247820671787,-14.1657687590599,-11.2125568782987
MYD03.A2017202.0010.061.2018029162025.hdf,2017-07-21 00:10,61,80920,D,-146.191941227505,6.52513251727953,-14.3860710881016,-170.97525138846,-146.185998023935,-167.470682910774,-170.98314228515,-150.126383287599,-11.3405086623403,-14.4062803809409,3.5720974807558,6.54364315545145
MYD03.A2017202.0015.061.2018029162540.hdf,2017-07-21 00:15,61,80921,D,-150.266236674318,24.4499449046599,3.48794925027158,-175.727181451481,-150.218750095493,-170.96347883338,-175.783518257224,-153.392668768103,6.45614870623062,3.46985619443227,21.2407146191517,24.5742955370783
MYD03.A2017202.0020.061.2018029162103.hdf,2017-07-21 00:20,61,80921,D,-153.372180763208,42.3987398378443,21.1815033601143,177.216569906339,-153.139627074087,-175.712497231486,177.073814613604,-155.696239487014,24.3931894402105,21.166249106369,38.4798941229332,42.6482007604125
MYD03.A2017202.0025.061.2018029162039.hdf,2017-07-21 00:25,61,80921,D,-155.655034698433,60.3072662820415,38.4507578364942,164.865146472745,-155.219341639685,177.250809109617,164.572748561945,-156.735828798591,42.3303092048686,38.4400078871402,54.6757546668261,60.6457707882914
MYD03.A2017202.0030.061.2018029162044.hdf,2017-07-21 00:30,61,80921,D,-152.276846996895,78.2342096026788,54.7158344948982,137.585062070133,-155.930315914409,164.928686445987,137.159954156702,-152.059396855233,60.204062604715,54.7099918299518,67.6426216711826,78.4498868772961
MYD03.A2017202.0035.061.2018029162626.hdf,2017-07-21 00:35,61,80921,D,180,89.9852531346019,67.8672609405635,-180,-150.57604444814,137.749709559049,85.650328146134,-6.79744454501204,77.8799797491306,67.863434538381,69.9547069540176,82.9762405907477
MYD03.A2017202.0040.061.2018029162106.hdf,2017-07-21 00:40,61,80921,D,85.5147624462881,83.8876747415674,59.360474064109,-8.54582134708037,-11.2591609505237,85.5167923486176,50.4093543442504,5.02824075729613,83.3290526496115,70.3041121818205,59.1184419641891,65.4326665049219
MYD03.A2017202.0045.061.2018029162029.hdf,2017-07-21 00:45,61,80921,B,49.8348173632922,65.9676352228531,43.6995806669969,4.65139406330369,4.23900415421098,49.8376353567866,34.8817176106723,4.6556059710699,65.9212949146344,59.4228533014766,43.5539757108563,47.6371747284623
MYD03.A2017202.0050.061.2018029162033.hdf,2017-07-21 00:50,61,80921,N,34.4067155985569,48.066491059192,26.5801682671663,2.65646886403463,4.32460686797159,34.4099644973921,26.4919582124194,2.63605621204928,48.0843127849134,43.7670646545811,26.497938956855,29.7239855446851
MYD03.A2017202.0055.061.2018029161943.hdf,2017-07-21 00:55,61,80921,N,26.14864021039,30.053431966951,8.99842678993365,-0.193381480523625,2.47338696353639,26.153699520802,21.0310888393667,-0.215795279930616,30.0818899117043,26.6499982746544,8.96490385554522,11.9224036489216
MYD03.A2017202.0100.061.2018029161959.hdf,2017-07-21 01:00,61,80921,N,20.8455773646575,12.1290947740335,-8.82007538960077,-3.93015921059018,-0.302842671182248,20.8514987443659,17.0275381344585,-3.93618366041001,12.1609944672473,9.07175393692249,-8.82857444634607,-5.77651171250319
MYD03.A2017202.0105.061.2018029162014.hdf,2017-07-21 01:05,61,80921,N,17.0115054531411,-5.70448199829667,-26.7206224194133,-8.982062067225,-3.95835306986357,17.1905630266838,14.1105032897531,-8.98917570516569,-5.67840978834869,-8.76748158694912,-26.8621967606666,-23.3680794247092
MYD03.A2017202.0110.061.2018029161953.hdf,2017-07-21 01:10,61,80921,N,14.1346030145214,-23.2930380748733,-44.5973107301882,-16.5530087566871,-8.96447806111118,14.4750720773579,12.0704336811839,-16.6142631398038,-23.2780350743688,-26.6640496618279,-44.8663750133072,-40.4348573365083
MYD03.A2017202.0115.061.2018029162050.hdf,2017-07-21 01:15,61,80921,N,12.1123969186963,-40.3811761941632,-62.4231029270017,-30.0394959786865,-16.5160530881772,12.6556000292224,11.5806543364753,-30.2715029434302,-40.3708474745092,-44.5249100602894,-62.7608871352694,-56.2819629452059
MYD03.A2017202.0120.061.2018029162429.hdf,2017-07-21 01:20,61,80921,N,18.7605236597245,-56.3004671683407,-80.2609292424804,-59.9896584382199,-29.9616194434694,12.3255687117085,19.2071753047668,-60.3219998471805,-56.2955981352021,-62.288557218662,-80.3774358817937,-68.3541837078654
MYD03.A2017202.0125.061.2018029162844.hdf,2017-07-21 01:25,61,80921,N,180,-68.5646535922339,-89.9878676144816,-180,-59.7875861453979,20.9530582305478,163.097849455441,-111.530895476344,-68.5617570099988,-79.759307548924,-81.0485719863792,-68.9637717560327
MYD03.A2017202.0130.061.2018029162526.hdf,2017-07-21 01:30,61,80921,B,-111.767357331748,-57.7353287467952,-81.948882795066,161.885147485396,-111.765344876354,160.041875309815,172.23030134612,-143.658209637315,-69.3441706260407,-81.458088339254,-63.5625374733792,-57.4781084450041
MYD03.A2017202.0135.061.2018029162230.hdf,2017-07-21 01:35,61,80921,D,-144.290848553753,-41.995339910198,-64.1054289143678,171.868895533942,-144.289430608933,171.66844635912,171.870616155827,-158.184232560205,-57.8004800176582,-64.0627560563939,-45.8427762656457,-41.8294928817346
MYD03.A2017202.0140.061.2018029162112.hdf,2017-07-21 01:40,61,80921,D,-158.739973920176,-24.8822917355242,-46.2728449080461,169.926920552675,-158.737000723177,171.691344041753,169.905596979328,-166.28777324728,-42.0683389715442,-46.2909954471159,-27.9753689278828,-24.7850349357702
MYD03.A2017202.0145.061.2018029162232.hdf,2017-07-21 01:45,61,80921,D,-166.710096311181,-7.30922891771929,-28.2983263743116,167.111683353756,-166.705145846176,169.8739432473,167.090804960407,-171.659857506853,-24.9563491310492,-28.3204821113514,-10.1916611538928,-7.26311039675107
MYD03.A2017202.0150.061.2018029162309.hdf,2017-07-21 01:50,61,80921,D,-171.931355893627,10.5266092348677,-10.3819462008955,163.370895006013,-171.9251796935,167.116294831419,163.362146672212,-175.65823872263,-7.3809950320298,-10.4011382843707,7.53750308141079,10.5578416772117
MYD03.A2017202.0155.061.2018029184047.hdf,2017-07-21 01:55,61,80922,D,-175.754680613232,28.4640335104486,7.46592922320911,158.233090434268,-175.666054733357,163.38437652675,158.161598119469,-178.702718265505,10.4615712518282,7.44837963903952,25.1457906448661,28.617765536613
MYD03.A2017202.0200.061.2018029184132.hdf,2017-07-21 02:00,61,80922,D,-178.678005286564,46.4065803158994,25.091303633437,150.372487243542,-178.402319069158,158.250437676483,150.204017248331,179.202585683365,28.4067547317251,25.0769543291994,42.2269204700897,46.6813124259996
MYD03.A2017202.0205.061.2018029184413.hdf,2017-07-21 02:05,61,80922,D,179.245734625916,64.3134111116127,42.2084068976036,135.938175867282,179.744936286015,150.412258270251,135.588823235844,178.692191220913,46.3342221558966,42.1988433868282,58.0026860121803,64.6515924033217
MYD03.A2017202.0210.061.2018029184400.hdf,2017-07-21 02:10,61,80922,D,-171.803996525,82.2419396900611,58.073188060808,102.785159958616,179.589412924845,136.010544582568,102.464279364278,-171.119830618032,64.1834339048282,58.0696754053496,69.4672564675175,82.322493794831
MYD03.A2017202.0215.061.2018029184756.hdf,2017-07-21 02:15,61,80922,D,180,89.9859526970739,68.66095490616,-180,-169.618470233204,102.983734892087,50.423829267175,-24.7479982938072,81.7197125160512,69.7192260674494,68.3355257242037,79.1454496436229
MYD03.A2017202.0220.061.2018029184114.hdf,2017-07-21 02:20,61,80922,B,50.089150961695,79.8808860568589,56.0705017003681,-25.4743818795938,-27.3259530018686,50.0911720628922,21.1477665917283,-19.5064133499041,79.5692191930948,68.6955807391107,55.8532333650935,61.4617671293878
MYD03.A2017202.0225.061.2018029184125.hdf,2017-07-21 02:25,61,80922,N,20.5802412189972,61.9634718757467,39.9654021421648,-20.4270642634697,-20.1429390150312,20.5815886021474,7.90231096181808,-20.4313366420308,61.9459809629745,56.1363090816207,39.8353032807683,43.6543164145108
MYD03.A2017202.0230.061.2018029184332.hdf,2017-07-21 02:30,61,80922,N,7.45346513472893,44.0634863422795,22.6825182953339,-22.6412501176464,-20.7160090517296,7.45722459393567,0.373274410398512,-22.6639936261092,44.0851602491022,40.0336320179742,22.612271723629,25.7400956559081
MYD03.A2017202.0235.061.2018029184030.hdf,2017-07-21 02:35,61,80922,N,0.0630790987085446,26.0444505814877,5.02705302043867,-25.6687516267952,-22.8007363112704,0.0684833453540592,-4.68435876262242,-25.6885969953204,26.074910727325,22.752666735026,5.00320990212436,7.95360166311956
MYD03.A2017202.0240.061.2018029184702.hdf,2017-07-21 02:40,61,80922,N,-4.82551736382982,8.13062247517549,-12.8210003223434,-29.6391093979428,-25.755420990008,-4.79472423044687,-8.42663251055039,-29.6453961348218,8.16111416249962,5.09678531183196,-12.8575484817415,-9.73722177423164
MYD03.A2017202.0245.061.2018029184433.hdf,2017-07-21 02:45,61,80922,N,-8.41595086460101,-9.66522970626217,-30.7225518107211,-35.1087731082781,-29.6497395284651,-8.2123179205125,-11.1508162802229,-35.1161087500206,-9.6434943848976,-12.7680246146889,-30.8951067277389,-27.2458758494278
MYD03.A2017202.0250.061.2018029184014.hdf,2017-07-21 02:50,61,80922,N,-11.1221594507585,-27.1710216526552,-48.5856072499376,-43.5698285895648,-35.0885366735807,-10.7410059193275,-12.9528310859825,-43.6617433372746,-27.1569157465351,-30.6634857433277,-48.8801263152662,-44.1257983212655
MYD03.A2017202.0255.061.2018029184249.hdf,2017-07-21 02:55,61,80922,N,-12.7457571422088,-44.0835011301551,-66.4125905232003,-59.4114526820504,-43.5263811457382,-12.3117836299522,-12.7604988532507,-59.690899862208,-44.0743260389159,-48.5075338242518,-66.7388567575347,-59.4840709842301
MYD03.A2017202.0300.061.2018029184505.hdf,2017-07-21 03:00,61,80922,N,3.22381092826423,-59.5324116205539,-84.2511865093771,-95.3971794961272,-59.3157901463229,-11.9070628988448,4.71351247219308,-95.6372466147738,-59.5287886530896,-66.2395863010067,-84.1005097543658,-69.8238116155189
MYD03.A2017202.0305.061.2018029185334.hdf,2017-07-21 03:05,61,80922,N,180,-67.4367481223653,-89.9864158093605,-180,-95.1707566461341,5.69706486161817,143.416311168466,-145.886534547699,-70.0893809126986,-83.4638143259045,-77.2135925626599,-67.1016671386387
MYD03.A2017202.0310.061.2018029184428.hdf,2017-07-21 03:10,61,80922,B,-146.29490567572,-54.4078130352097,-77.9574301648283,142.837604914405,-146.292955398685,141.383744526513,147.682377543375,-172.58213293182,-67.479946276496,-77.6605986391234,-59.6111499107324,-54.1732349488238
MYD03.A2017202.0315.061.2018029184304.hdf,2017-07-21 03:15,61,80922,D,-173.213143076414,-38.2582549623495,-60.1140946820319,146.821717136697,-173.211858612839,147.268146212692,146.812887577851,174.927642125827,-54.4755598352483,-60.101130316593,-41.8693362220465,-38.1095261392468
MYD03.A2017202.0320.061.2018029184420.hdf,2017-07-21 03:20,61,80922,D,174.399801783997,-20.9849500673424,-42.2775799188378,144.650444465211,174.403275032845,146.671840640225,144.627959988023,167.621797343739,-38.3316637010881,-42.2968507650826,-23.9958651913085,-20.9005078899021
MYD03.A2017202.0325.061.2018029184635.hdf,2017-07-21 03:25,61,80922,D,167.232476025352,-3.33556400119682,-24.2900912074954,141.644596220082,167.237915347473,144.610874054179,141.62591409725,162.631009088707,-21.058961005409,-24.3120422853311,-6.2197548620913,-3.2986729932811
MYD03.A2017202.0330.061.2018029184330.hdf,2017-07-21 03:30,61,80922,D,162.397254596368,14.5343570713741,-6.37924066501571,137.648980980076,162.403638558955,141.649451582918,137.628936296688,158.851723908765,-3.40727482426078,-6.39811716548787,11.503470539819,14.5908129685934
MYD03.A2017202.0335.061.2018029184457.hdf,2017-07-21 03:35,61,80923,D,158.802582922464,32.4791405874366,11.4344456436551,132.064707957942,158.931396092851,137.663956218578,131.976227436746,156.029000930995,14.4721159564907,11.4175202814636,29.0268902352419,32.6615198639488
MYD03.A2017202.0340.061.2018029184218.hdf,2017-07-21 03:40,61,80923,D,156.057577561201,50.4118009626558,28.9779052705809,123.231647348539,156.377369465652,132.084488793363,123.028710402949,154.17070589966,32.4204322409392,28.9644892388192,45.9154415344511,50.7107011789596
MYD03.A2017202.0345.061.2018029184522.hdf,2017-07-21 03:45,61,80923,D,154.410517613004,68.3214453488348,45.9113559828966,106.112561415924,154.776750786798,123.277728558694,105.732956751598,154.397959813958,50.3345824101565,45.9031569674797,61.1471707033438,68.6485717796015
MYD03.A2017202.0350.061.2018029184722.hdf,2017-07-21 03:50,61,80923,D,178.605472746731,86.2504798160045,61.2469432197192,66.4480294382786,155.420172766885,106.206707583867,66.2744330545586,-178.464246203409,68.1539076770873,61.2443829182133,70.6066682594189,85.9235886228555
MYD03.A2017202.0355.061.2018029184851.hdf,2017-07-21 03:55,61,80923,D,180,89.9875352197292,66.4743871691143,-180,-178.763715973383,66.6735991529746,16.8060776990127,-46.5063001201762,85.3056367153079,70.9077647661578,66.1520154648299,75.231209587756
MYD03.A2017202.0400.061.2018029184209.hdf,2017-07-21 04:00,61,80923,B,16.324925752475,75.8730183024075,52.6350018257777,-46.8879138776522,-48.3388998375643,16.3268287015422,-7.39547542524865,-44.2397659085828,75.6802060013086,66.5097786036121,52.4428537582575,57.4860403894152
MYD03.A2017202.0405.061.2018029184502.hdf,2017-07-21 04:05,61,80923,N,-7.93543949131921,57.9594624470883,36.1807310866823,-45.5579969383819,-44.7567100606203,-7.93352504527225,-18.8240107355636,-45.5685343806021,57.9619250379696,52.701827653983,36.0667787439609,39.6676254683567
MYD03.A2017202.0410.061.2018029184240.hdf,2017-07-21 04:10,61,80923,N,-19.2388222121709,40.0556316412254,18.7603813711905,-47.9690931110775,-45.8114988765484,-19.2345997540369,-25.6324152481326,-47.9928289385535,40.0800201461062,36.2495068669059,18.7028883342178,21.7558437748153
MYD03.A2017202.0415.061.2018029184303.hdf,2017-07-21 04:15,61,80923,N,-25.9012662687736,22.0326352948513,1.04534061616473,-51.1821093654144,-48.1090058514796,-25.8954973862226,-30.3317699277724,-51.1988988522895,22.0632236422227,18.8310062135452,1.02788887852536,3.98818418992273
MYD03.A2017202.0420.061.2018029184130.hdf,2017-07-21 04:20,61,80923,N,-30.4427439361786,4.13426915925244,-16.8253211282073,-55.4097424651602,-51.2452185498108,-30.3723434310137,-33.8303316134487,-55.4178519848666,4.16270231633493,1.10967783938376,-16.8926099036071,-13.6889127310425
MYD03.A2017202.0425.061.2018029184025.hdf,2017-07-21 04:25,61,80923,N,-33.8140660313749,-13.6174461222658,-34.7255793431444,-61.3732452784385,-55.4095185552971,-33.5710270590502,-36.3667497025035,-61.380840746413,-13.5989165440109,-16.7730493135056,-34.9278990781018,-31.0992734286369
MYD03.A2017202.0430.061.2018029184524.hdf,2017-07-21 04:30,61,80923,N,-36.3353772954527,-31.0249087091752,-52.5724636423229,-70.9016096705829,-61.3495775692307,-35.9097247570464,-37.8889042956745,-71.0461699737284,-31.0120033513486,-34.6632532109228,-52.8904279368694,-47.7523695937692
MYD03.A2017202.0435.061.2018029184709.hdf,2017-07-21 04:35,61,80923,N,-36.7081635451775,-47.7300124822687,-70.405094472538,-89.7645274278035,-70.8520848961865,-37.185941181782,-36.6860643274445,-90.0615829391989,-47.723526952054,-52.4875856911421,-70.7068546191651,-62.4819589150266
MYD03.A2017202.0440.061.2018029184803.hdf,2017-07-21 04:40,61,80923,N,9.84554386109162,-62.5547327196725,-88.2438492468229,-132.06194834528,-89.64694423247,-35.7573077499039,16.7956410312701,-132.133757012976,-62.5522729544275,-70.1807995221534,-87.0539942148057,-70.5650840197182
MYD03.A2017202.0445.061.2018029185038.hdf,2017-07-21 04:45,61,80923,N,180,-65.0489119651258,-89.9875240350597,-180,-131.819197566813,11.6308764794445,120.991167578372,-178.684808060069,-70.8820536817032,-86.4873941315377,-73.3066526740962,-64.7342392051523
MYD03.A2017202.0450.061.2018029184619.hdf,2017-07-21 04:50,61,80923,B,-179.206735126406,-50.9443472673554,-73.9645138966796,120.662497325351,-179.20492417619,119.566702270126,122.94742120098,159.150986259181,-65.1013260682272,-73.776235042046,-55.6504211822155,-50.7313319352908
MYD03.A2017202.0455.061.2018029184126.hdf,2017-07-21 04:55,61,80923,D,158.533450487349,-34.4741134989271,-56.1236461167114,121.684682588607,158.53485024668,122.611812609094,121.672575708204,148.282240889782,-51.0139426876559,-56.1291267397159,-37.8933810204393,-34.3400822793041
MYD03.A2017202.0500.061.2018029184159.hdf,2017-07-21 05:00,61,80923,D,147.776040386732,-17.0652902505459,-38.2785329695915,119.321867230542,147.783226637481,121.572028347927,119.298537365695,141.6378706019,-34.547544994675,-38.3007048026038,-20.0152491842805,-16.9941277568227
MYD03.A2017202.0505.061.2018029184254.hdf,2017-07-21 05:05,61,80923,D,141.288593264257,0.647095184139448,-20.2826046757938,116.125155335995,141.294207327539,119.300968261286,116.110307747546,136.985959127278,-17.1394660309804,-20.3041448521393,-2.25420570002184,0.67598725293315
MYD03.A2017202.0510.061.2018029184232.hdf,2017-07-21 05:10,61,80923,D,136.787728698072,18.5437547657553,-2.3829997888454,111.849380144943,136.7942911218,116.131439097281,111.815564474995,133.404677118094,0.575328908301393,-2.40176809469757,15.4535876570021,18.6258360794539
MYD03.A2017202.0515.061.2018029184708.hdf,2017-07-21 05:15,61,80924,D,133.403071118814,36.4911502574436,15.3878617017001,105.767594025891,133.572097007159,111.86587733975,105.635892334247,130.805561837745,18.48327735693,15.3714886241394,32.875488573915,36.7009451030173
MYD03.A2017202.0520.061.2018029184211.hdf,2017-07-21 05:20,61,80924,D,130.837389443809,54.4114045951822,32.838053135825,95.7463332908545,131.195508654665,105.783262451514,95.4952461728168,129.216162273046,36.4299397862899,32.8269306123734,49.5343174551525,54.733531306161
MYD03.A2017202.0525.061.2018029184343.hdf,2017-07-21 05:25,61,80924,D,130.558382090612,72.3276483384195,49.5528383296057,75.1698666112459,129.905975980586,95.7988196281618,74.8019528718461,130.589409960182,54.3279772698709,49.5458284747716,64.0554403075571,72.6309783850452
MYD03.A2017202.0530.061.2018029184751.hdf,2017-07-21 05:30,61,80924,D,180,89.9877479676393,64.1737214038289,-180,131.759832971959,75.2871033946768,29.2220730562544,-133.645420054235,72.107520671698,64.1719451561198,70.9454755629369,87.4858080020067
MYD03.A2017202.0535.061.2018029184825.hdf,2017-07-21 05:35,61,80924,D,29.4180102083895,89.7928176846785,63.8165526868733,-145.497903140588,-146.169625416881,29.4197263307176,-15.2612393242173,-70.0362206760706,87.1964123721853,71.2906215238075,63.5360271961809,71.274949121936
MYD03.A2017202.0540.061.2018029184818.hdf,2017-07-21 05:40,61,80924,B,-15.7962856202839,71.8684119117251,49.0848910825565,-70.2693936887557,-71.1731352854952,-15.7945485864556,-35.3286063808611,-69.0964545430861,71.7548204175368,63.8682602846474,48.9102406384299,53.5035241457998
MYD03.A2017202.0545.061.2018029184743.hdf,2017-07-21 05:45,61,80924,N,-35.855785742124,53.9604537980773,32.358936261509,-70.7426506563196,-69.5427315930931,-35.8534570516041,-45.3284678367178,-70.7579757478795,53.972114656706,49.1536444016236,32.2587512217403,35.6850729668321
MYD03.A2017202.0550.061.2018029184849.hdf,2017-07-21 05:50,61,80924,N,-45.713454196016,36.048080610537,14.8245676083269,-73.3363590011568,-70.9648114410438,-45.7088295291037,-51.5376792386079,-73.3602644880987,36.0746160875441,32.4282070599083,14.7776488942366,17.7758664619915
MYD03.A2017202.0555.061.2018029184309.hdf,2017-07-21 05:55,61,80924,N,-51.7701068315845,18.0254459146856,-2.94018060433112,-76.739301092382,-73.4527284575054,-51.76405825785,-55.9265333272168,-76.7520710325798,18.0557586809805,14.8954437401172,-2.9512903989053,0.0327481177273076
MYD03.A2017202.0600.061.2018029184328.hdf,2017-07-21 06:00,61,80924,N,-56.0026229697833,0.147843700278029,-20.82646307216,-81.2827344804096,-76.8019215289004,-55.8939943985727,-59.1923275786154,-81.2895059741928,0.176473075627625,-2.87987807779424,-20.9247684087507,-17.6168054986638
MYD03.A2017202.0605.061.2018029184307.hdf,2017-07-21 06:05,61,80924,N,-59.1711789638932,-17.545188940955,-38.7209537850283,-87.8085998709074,-81.2659800856848,-58.8883103296644,-61.5353285140292,-87.8309920532392,-17.5288548868498,-20.7738439758568,-38.9503042947538,-34.9092623039995
MYD03.A2017202.0610.061.2018029184509.hdf,2017-07-21 06:10,61,80924,N,-61.5026167588655,-34.8391348023602,-56.5548482459259,-98.6952394678774,-87.7809717946887,-61.0273163639624,-62.7137071223243,-98.8598800726462,-34.8267784678991,-38.6546171363774,-56.8884490669996,-51.2869304504939
MYD03.A2017202.0615.061.2018029184843.hdf,2017-07-21 06:15,61,80924,N,-59.9901650182063,-51.2754691725045,-74.3913695243996,-121.33336106659,-98.634491951096,-61.9416744450381,-59.8906784009554,-121.684889192649,-51.2687746488993,-56.455746876955,-74.643919663477,-65.1594970925609
MYD03.A2017202.0620.061.2018029190049.hdf,2017-07-21 06:20,61,80924,N,180,-65.287113575423,-89.990086616275,-180,-121.189107392469,-58.8962641947676,62.8492139497159,-169.013079337338,-65.2857028781555,-74.0951904575262,-86.2274813986201,-70.4972680054004
MYD03.A2017202.0625.061.2018029191051.hdf,2017-07-21 06:25,61,80924,N,-168.924647701414,-62.2866740959972,-87.8191635115177,56.2436473800464,-168.91925572506,53.0847241580657,97.4014383771345,149.927656304788,-70.8549837022009,-86.3052257207811,-69.3791027830216,-61.9968444552625
MYD03.A2017202.0630.061.2018029192207.hdf,2017-07-21 06:30,61,80924,B,149.344848349146,-47.3833356466664,-69.97726612987,97.1997472317557,149.346495742686,96.3893692486826,98.0797907026147,131.401276912103,-62.3458978365263,-69.8607485728102,-51.6886118764304,-47.1903712574694
MYD03.A2017202.0635.061.2018029191955.hdf,2017-07-21 06:35,61,80924,D,130.803870213698,-30.6546033839718,-52.140742164358,96.5119684295217,130.805951214191,97.8204777170226,96.4953443403858,121.835044354122,-47.4539486324007,-52.155064066904,-33.920428662966,-30.5357353348566
MYD03.A2017202.0640.061.2018029190902.hdf,2017-07-21 06:40,61,80924,D,121.361825716115,-13.1325530265961,-34.2810792447748,93.9571198617082,121.36630008955,96.4208673124373,93.9339342859653,115.750409726763,-30.7285485705897,-34.3039284994461,-16.0421621758412,-13.072630021093
MYD03.A2017202.0645.061.2018029184639.hdf,2017-07-21 06:45,61,80924,D,115.436595253569,4.63411763792093,-16.2797788894215,90.5543772619084,115.442429220219,93.9491610521495,90.5440628459533,111.392558012918,-13.2066797135127,-16.3006004670103,1.70083916239957,4.65565319481958
MYD03.A2017202.0650.061.2018029191049.hdf,2017-07-21 06:50,61,80925,D,111.231709928047,22.5511957558345,1.60294384676728,85.9633091006746,111.257693275382,90.5619573506601,85.9147514967706,108.017263487514,4.56482905912678,1.58437881876966,19.3836864401047,22.6613163340875
MYD03.A2017202.0655.061.2018029191834.hdf,2017-07-21 06:55,61,80925,D,108.04039984793,40.4961959431874,19.3219478995261,79.3069514431448,108.222237030443,85.9820706927949,79.113610164922,105.590913972042,22.4894430632191,19.3060476087249,36.6846979842668,40.732025488378
MYD03.A2017202.0700.061.2018029190011.hdf,2017-07-21 07:00,61,80925,D,105.627316939497,58.4087743948329,36.6693725767079,67.7301607368602,106.070604536155,79.3223210667366,67.5119573829705,104.38508209669,40.4334515294339,36.6572691586178,53.0658141882231,58.7464033829124
MYD03.A2017202.0705.061.2018029185159.hdf,2017-07-21 07:05,61,80925,D,107.52864984555,76.32987758478,53.0775332104071,42.8454803749121,105.152203291404,67.7958986254166,42.4422690398478,107.657077341274,58.3119919567691,53.0705888468918,66.5879354439857,76.5816173681723
MYD03.A2017202.0710.061.2018029185347.hdf,2017-07-21 07:10,61,80925,D,180,89.9927260607455,66.7645684745521,-180,109.035405107373,42.9919159879543,-7.71797206625573,-112.535871287356,76.0320067031085,66.7633181857103,70.4488070315642,84.7170194610016
MYD03.A2017202.0715.061.2018029191413.hdf,2017-07-21 07:15,61,80925,D,-7.76302470684251,85.7918314259839,60.8560565722207,-115.641239162548,-119.029873136177,-7.76104991558618,-45.998929737337,-94.0547036913951,84.9851765076159,70.8165913177625,60.6020324220391,67.3187846260156
MYD03.A2017202.0720.061.2018029184530.hdf,2017-07-21 07:20,61,80925,B,-46.5620493386486,67.868945918638,45.4532223300158,-94.2027503370717,-94.9290335663861,-46.5604808213344,-62.8130022276143,-94.0796328893805,67.8037970974781,60.9128947179689,45.2969069311858,49.5283691238673
MYD03.A2017202.0725.061.2018029184705.hdf,2017-07-21 07:25,61,80925,N,-63.3178343841627,49.9683599547356,28.508150233099,-95.969926751678,-94.4456348702765,-63.3087583413844,-71.6527611630777,-95.9887881343371,49.9849719184804,45.5220951649424,28.4212609670178,31.7064321891565
MYD03.A2017202.0730.061.2018029191752.hdf,2017-07-21 07:30,61,80925,N,-72.005568168545,32.0462189350132,10.8803544845642,-98.7443481805089,-96.168433609965,-72.0005745192895,-77.3538647259183,-98.7672584058915,32.0742558439024,28.5779071975701,10.8426251916059,13.8082285851393
MYD03.A2017202.0735.061.2018029190003.hdf,2017-07-21 07:35,61,80925,N,-77.553216030671,14.0280386081397,-6.92480964945269,-102.363687799026,-98.8510840759432,-77.5469063928269,-81.4713842763704,-102.371427751006,14.059051033326,10.9517565319771,-6.92991476869143,-3.90463231442898
MYD03.A2017202.0740.061.2018029191028.hdf,2017-07-21 07:40,61,80925,N,-81.5068045980267,-3.81973050613079,-24.8206242152703,-107.238873491798,-102.402606634728,-81.3595159032922,-84.5078946362124,-107.245875806364,-3.7937060419441,-6.86764867851664,-24.9489966834946,-21.5198470186627
MYD03.A2017202.0745.061.2018029190014.hdf,2017-07-21 07:45,61,80925,N,-84.4819053157785,-21.4483299149473,-42.7053093764196,-114.43986659663,-107.220263916723,-84.1596293794272,-86.6453758595221,-114.487835326343,-21.4330065993408,-24.7666010027701,-42.962154499881,-38.6692139554694
MYD03.A2017202.0750.061.2018029185106.hdf,2017-07-21 07:50,61,80925,N,-86.6094856400589,-38.6072182464645,-60.5323299915861,-126.991941344021,-114.407658507511,-86.0896058613235,-87.3922568412797,-127.200872611746,-38.5962510716762,-42.63408806077,-60.8712779874256,-54.7065882297522
MYD03.A2017202.0755.061.2018029191502.hdf,2017-07-21 07:55,61,80925,N,-82.0237183825171,-54.7170200158202,-78.3712939466482,-154.360488987353,-126.918970445055,-86.5732961393252,-81.7433377273681,-154.710060983078,-54.7116195523406,-60.4102458821823,-78.5403783320462,-67.4492538772077
MYD03.A2017202.0800.061.2018029185616.hdf,2017-07-21 08:00,61,80925,N,180,-67.6278469993184,-89.9898688159414,-180,-154.181852900463,-80.6678517972487,60.471691352264,154.678322286979,-67.6265104247676,-77.9660775316393,-82.8443123898854,-69.6325615484664
MYD03.A2017202.0805.061.2018029185028.hdf,2017-07-21 08:05,61,80925,N,154.501904569583,-59.2521334637627,-83.8383304165092,58.5811160786629,154.503905891805,55.7341532063922,73.1632756788754,119.669899665599,-70.0381284277905,-83.173735269248,-65.4365182927894,-59.0030078936921
MYD03.A2017202.0810.061.2018029184818.hdf,2017-07-21 08:10,61,80925,B,119.101797390388,-43.7469456788008,-65.9960930216879,73.0305153460487,119.103285315987,72.5212238256274,73.1204273591685,104.059711804235,-59.3160644264047,-65.9346079474361,-47.7248303186713,-43.5730143409035
MYD03.A2017202.0815.061.2018029190059.hdf,2017-07-21 08:15,61,80925,D,103.48695703167,-26.8058062696109,-48.1630601041659,71.2955775625823,103.489657213702,72.9181761779814,71.2754782919971,95.5509479131166,-43.8182678303809,-48.1801018348204,-29.951126198599,-26.7026688962849
MYD03.A2017202.0820.061.2018029184821.hdf,2017-07-21 08:20,61,80925,D,95.1165055346176,-9.2765728619979,-30.2858703961481,68.5724857479287,95.121309017477,71.2315015946796,68.550679474006,89.9730737716871,-26.8798886825052,-30.3080865868342,-12.1650885727016,-9.2259621779522
MYD03.A2017202.0825.061.2018029191238.hdf,2017-07-21 08:25,61,80925,D,89.6859651131006,8.62433771006288,-12.3704281931246,64.9317272098468,89.6920399753563,68.5727358658599,64.9259344367894,85.8425808485847,-9.34840606555456,-12.3901153903005,5.64914265891488,8.64435259971035
MYD03.A2017202.0830.061.2018029190028.hdf,2017-07-21 08:30,61,80926,D,85.7249771780329,26.5566197638823,5.57723359254391,59.9799302916503,85.7914793651351,64.9401972754114,59.9165916034859,82.6917821707814,8.55953299465172,5.55932853488186,23.2909976027253,26.6961690760303
MYD03.A2017202.0835.061.2018029184843.hdf,2017-07-21 08:35,61,80926,D,82.7189280865409,44.4964759965137,23.2337201419021,52.5264988881769,82.9413992670385,60.0009417334647,52.3709633267402,80.4618149000665,26.4949365833081,23.2188430263854,40.4488174056768,44.7598564905565
MYD03.A2017202.0840.061.2018029192203.hdf,2017-07-21 08:40,61,80926,D,80.49293677383,62.4057205174298,40.424542390476,39.1405973633603,81.0104048746124,52.5598921721442,38.8185506554795,79.723779104786,44.4307714747258,40.411101579042,56.4345647713336,62.7421545296893
MYD03.A2017202.0845.061.2018029191005.hdf,2017-07-21 08:45,61,80926,D,86.3238293276706,80.3294930455893,56.491710934779,8.90200523519414,80.577564177231,39.2179187816189,8.53767984458529,86.7159108510453,62.286235258634,56.4872735752889,68.6713357814105,80.4868402078346
MYD03.A2017202.0850.061.2018029190907.hdf,2017-07-21 08:50,61,80926,D,180,89.9926103066719,68.8981020878989,-180,88.2789345384238,9.07896291061553,-43.6284259343646,-126.175896771531,79.9021591160998,68.8973870804262,69.1762517619913,80.9870693794095
MYD03.A2017202.0855.061.2018029190231.hdf,2017-07-21 08:55,61,80926,B,-43.9481495446631,81.7933666747544,57.6649848916091,-127.266970979656,-129.356564467882,-43.9461019060356,-75.7468865965019,-118.452809380363,81.3957744532762,69.5896518161569,57.4605778535948,63.3533245071608
MYD03.A2017202.0900.061.2018029190146.hdf,2017-07-21 09:00,61,80926,N,-76.2439944273285,63.8729925735642,41.7551003298443,-119.136415277058,-119.158461374053,-76.2425801679399,-89.938111546915,-119.136906706732,63.8420458200338,57.7250764514062,41.6162553801717,45.5546747777881
MYD03.A2017202.0905.061.2018029185800.hdf,2017-07-21 09:05,61,80926,N,-90.4098437559896,45.9758825740744,24.6314011274348,-121.240351409228,-119.441957623658,-90.4072269825246,-97.8363611205874,-121.262233548725,45.9960229177151,41.8259262288952,24.5576570071364,27.7311350984095
MYD03.A2017202.0910.061.2018029190131.hdf,2017-07-21 09:10,61,80926,N,-98.1524490353091,28.046474700295,7.01152525012162,-124.174531129955,-121.40813426661,-98.14891726516,-103.078273033398,-124.19554368761,28.0757949489925,24.7019256013862,6.98297704360713,9.93449684021529
MYD03.A2017202.0915.061.2018029185319.hdf,2017-07-21 09:15,61,80926,N,-103.242063928717,10.1262287150013,-10.9126488330025,-128.040399901266,-124.269415927786,-103.22767049854,-106.971103285885,-128.046509848605,10.1570933656176,7.083739854638,-10.9350526702462,-7.85163747845467
MYD03.A2017202.0920.061.2018029191319.hdf,2017-07-21 09:20,61,80926,N,-106.966877887677,-7.77627065135817,-28.813010938193,-133.304660533548,-128.062100046892,-106.781346449818,-109.786775116159,-133.311888593405,-7.75294990094525,-10.8575107242936,-28.9712744686407,-25.3991738324435
MYD03.A2017202.0925.061.2018029184842.hdf,2017-07-21 09:25,61,80926,N,-109.756725026915,-25.3278358324392,-46.685041779891,-141.315954876379,-133.283455193644,-109.394173971577,-111.700462295298,-141.393140491794,-25.3133797958564,-28.7567090797033,-46.9679952261955,-42.3777990525867
MYD03.A2017202.0930.061.2018029192502.hdf,2017-07-21 09:30,61,80926,N,-111.663743656873,-42.32606342442,-64.5106646911585,-155.966742135939,-141.278017172917,-111.091438121702,-111.868307499637,-156.222487506762,-42.3162670649692,-46.6085064397393,-64.8438929646273,-57.9828480663625
MYD03.A2017202.0935.061.2018029185256.hdf,2017-07-21 09:35,61,80926,N,-101.069914905064,-58.0201107855307,-82.3507702270975,170.999848090809,-155.878658651223,-111.035465021958,-100.256636525699,170.707193431412,-58.0159781414036,-64.357747255361,-82.3558483610329,-69.2133146693878
MYD03.A2017202.0940.061.2018029192945.hdf,2017-07-21 09:40,61,80926,N,180,-68.4321192117603,-89.9882912742973,-180,171.218043144583,-99.1260553026769,42.8637807897654,119.6241482236,-69.4466470042521,-81.7458797097485,-79.0645636735205,-68.0629982663855
MYD03.A2017202.0945.061.2018029185007.hdf,2017-07-21 09:45,61,80926,B,119.235495338217,-56.0122769445138,-79.857735426763,42.053807503088,119.237492694811,40.1884043476147,48.7336743648157,90.3864914017569,-68.4718620988713,-79.4824995714739,-61.4939021949976,-55.7847012077163
MYD03.A2017202.0950.061.2018029191557.hdf,2017-07-21 09:50,61,80926,D,89.8104895008302,-40.0459878069614,-62.0152979698345,48.090262583395,89.8118351569744,48.2489558629172,48.0875036036923,77.0431048531915,-56.0797280343226,-61.9890503931343,-43.7630949868485,-39.8898199918647
MYD03.A2017202.0955.061.2018029184924.hdf,2017-07-21 09:55,61,80926,D,76.4982577813821,-22.9305311690683,-44.1805422636074,46.0389452428101,76.5015177309619,47.9318864432827,46.0166437688576,69.4032254898053,-40.1176596778931,-44.1997012998051,-25.9810720657172,-22.8406782654877
MYD03.A2017202.1000.061.2018029190003.hdf,2017-07-21 10:00,61,80926,D,69.001675101605,-5.31876212218935,-26.2887981267603,43.1298431398839,69.0067922440602,45.9925809642492,43.1102201878287,64.234031870566,-23.0046590182616,-26.3110598441195,-8.20072406655951,-5.27756340425595
MYD03.A2017202.1005.061.2018029190340.hdf,2017-07-21 10:05,61,80926,D,63.9825842926458,12.6207048412067,-8.37546742586368,39.3003055170826,63.988876961031,43.1347963843739,39.2322989638332,60.3319233548371,-5.39058068854423,-8.3946011139641,9.61196275506236,12.6649621826284
MYD03.A2017202.1010.061.2018029190400.hdf,2017-07-21 10:10,61,80927,D,60.2600216513084,30.5606081121099,9.55276824471188,33.8805816165071,60.329580653408,39.3049460880178,33.8538143669129,57.3579085434158,12.55534176675,9.53994548184357,27.1899313816774,30.7346479046371
MYD03.A2017202.1015.061.2018029191155.hdf,2017-07-21 10:15,61,80927,D,57.3889797119137,48.4973841594368,27.1249461906037,25.545460300665,57.729402673626,33.9055432479296,25.3560429097552,55.4317815457351,30.5032419889388,27.1072622407425,44.1610453778392,48.7812334453223
MYD03.A2017202.1020.061.2018029191826.hdf,2017-07-21 10:20,61,80927,D,55.4697278150641,66.4067780566488,44.1500523350588,9.78503221593157,56.0010065820998,25.5817913827331,9.41900048995676,55.2680652902363,48.4254549337262,44.1408878460475,59.6698142043101,66.7404485115247
MYD03.A2017202.1025.061.2018029185156.hdf,2017-07-21 10:25,61,80927,D,70.2190650724546,84.3323573842311,59.7526207793434,-26.7081086341043,56.237891219116,9.86705973300106,-26.9706923581304,71.5916972005094,66.2554297641252,59.7491767239348,70.1503999424044,84.2630608349962
MYD03.A2017202.1030.061.2018029193406.hdf,2017-07-21 10:30,61,80927,D,180,89.9895364122128,67.5720534894491,-180,72.9569116754053,-26.5020495260789,-78.0315877593851,-146.709658878892,83.6344060051726,70.4348030916929,67.2591961078171,77.0991029341257
MYD03.A2017202.1035.061.2018029192353.hdf,2017-07-21 10:35,61,80927,B,-78.4389889957253,77.791000991215,54.3012652223106,-147.247874180417,-148.688223492857,-78.4370214545668,-104.525817507601,-143.107833929036,77.552667767587,67.6161004092314,54.0898044293107,59.3868225599005
MYD03.A2017202.1040.061.2018029184654.hdf,2017-07-21 10:40,61,80927,N,-105.09690312728,59.8733832460606,38.0072234344975,-144.240916797405,-143.670081496201,-105.095623383421,-116.786185572638,-144.248694336421,59.8680170039218,54.3640274555852,37.8777043607938,41.5734668535995
MYD03.A2017202.1045.061.2018029190131.hdf,2017-07-21 10:45,61,80927,N,-117.254538176713,41.9749149024276,20.7250568881689,-146.54602230897,-144.503921164793,-117.244238581008,-123.920918029145,-146.569735546547,42.0014395611196,38.0764942233249,20.6689957963489,23.7478196261506
MYD03.A2017202.1050.061.2018029192500.hdf,2017-07-21 10:50,61,80927,N,-124.17421856435,24.0399311709535,3.03928204455084,-149.663720521729,-146.694460479443,-124.168588700991,-128.757010281909,-149.682096980327,24.0699653327694,20.7956014055295,3.0180406685184,5.97157787500804
MYD03.A2017202.1055.061.2018029185358.hdf,2017-07-21 10:55,61,80927,N,-128.887634688095,6.13298164243485,-14.9103721432125,-153.786082238193,-149.744533384444,-128.83316855278,-132.394287021286,-153.792447372165,6.16319489432433,3.10556846763351,-14.9639474951794,-11.8019523763156
MYD03.A2017202.1100.061.2018029191118.hdf,2017-07-21 11:00,61,80927,N,-132.38462313046,-11.7266744905135,-32.8107594904851,-159.501876732726,-153.789293759225,-132.160031293365,-135.024451834492,-159.509323649857,-11.7067345049415,-14.8563831132069,-32.9983355546146,-29.2587629868939
MYD03.A2017202.1105.061.2018029191315.hdf,2017-07-21 11:05,61,80927,N,-134.989765045392,-29.1877267626524,-50.6673427879129,-168.499369766481,-159.477594416454,-134.584454415702,-136.679750590234,-168.608814023894,-29.174265026194,-32.7515169444542,-50.975110754928,-46.0308273848504
MYD03.A2017202.1110.061.2018029190447.hdf,2017-07-21 11:10,61,80927,N,-136.02019194565,-45.9914288446851,-68.4958855417017,174.180753238272,-168.454596840415,-136.012017620318,-136.018986978259,173.880027321284,-45.9828691444921,-50.5847875195332,-68.8105687443333,-61.0740692385489
MYD03.A2017202.1115.061.2018029190328.hdf,2017-07-21 11:15,61,80927,N,-109.359188640878,-61.1437849404895,-86.335857070234,134.905663151783,174.288157732535,-135.106797070464,-106.12234808053,134.717835972364,-61.140876625731,-68.2985945803361,-85.8466794148855,-70.3116750409602
MYD03.A2017202.1120.061.2018029190525.hdf,2017-07-21 11:20,61,80927,N,180,-66.2454034505265,-89.9875408339281,-180,135.141769646692,-106.939845593664,21.2652976060322,86.0264653668535,-70.6531665747005,-85.2194475002737,-75.17659943556,-65.961621141403
MYD03.A2017202.1125.061.2018029185157.hdf,2017-07-21 11:25,61,80927,B,85.6197392724187,-52.6139836909782,-75.872423863644,20.8226031227332,85.6216228492721,19.5207144850083,24.0837221915427,61.8830207170931,-66.2946801981603,-75.6371248408909,-57.5446922528959,-52.3913389413219
MYD03.A2017202.1130.061.2018029185222.hdf,2017-07-21 11:30,61,80927,D,61.2669201189919,-36.2879547749078,-58.0312050710855,23.0010051725672,61.2681426835687,23.7130796492376,22.991421767103,50.2924271456311,-52.6837893208422,-58.028823786324,-39.7946526627638,-36.1482672553532
MYD03.A2017202.1135.061.2018029185035.hdf,2017-07-21 11:35,61,80927,D,49.776779519378,-19.0275940598291,-40.1900888011038,20.7663321548579,49.7805622737767,22.9044921313604,20.7421634695701,43.3736224645755,-36.3598499752708,-40.2100636868239,-22.0062052821191,-18.9499990823633
MYD03.A2017202.1140.061.2018029185645.hdf,2017-07-21 11:40,61,80927,D,43.0047718970906,-1.34809858015473,-22.2851194731987,17.6501239146614,43.0101923895564,20.7188003198001,17.6325549029279,38.5582723844866,-19.1017420572214,-22.3058906794041,-4.2389518866846,-1.31334266442107
MYD03.A2017202.1145.061.2018029185210.hdf,2017-07-21 11:45,61,80927,D,38.3270906783492,16.6236791858047,-4.38030097448442,13.4963018552072,38.3347797187679,17.6552475721731,13.4701308144158,34.8477014904508,-1.41979339761279,-4.39988499156805,13.567065585828,16.6926429767712
MYD03.A2017202.1150.061.2018029191444.hdf,2017-07-21 11:50,61,80928,D,34.828657221479,34.5736050226094,13.5000900788435,7.64500141635272,34.9856211855736,13.5080776300856,7.54856241505916,32.1535204854299,16.565831632654,13.4832084214232,31.0399566859,34.7698018576367
MYD03.A2017202.1155.061.2018029185009.hdf,2017-07-21 11:55,61,80928,D,32.1887419859073,52.4965162263648,30.9938817706117,-1.78073670382935,32.5288705120069,7.67143684575352,-1.99559373630033,30.436062044197,34.5109373131649,30.9814024322865,47.8116206110008,52.8083421987393
MYD03.A2017202.1200.061.2018029191450.hdf,2017-07-21 12:00,61,80928,D,31.178169055771,70.4119991720763,47.81300037804,-20.5906399040709,31.0762890610523,-1.73675236225117,-20.9835048906261,31.1840580613287,52.4197943557489,47.805034981019,62.6887652033875,70.7278790372331
MYD03.A2017202.1205.061.2018029190036.hdf,2017-07-21 12:05,61,80928,D,77.5402634945425,88.3383585350239,62.8069219251947,-63.6373599195671,32.2899873171488,-20.4778081622616,-63.7088557716397,84.8469765919471,70.2163951174728,62.8046659008941,70.8856555728661,87.3026185438355
MYD03.A2017202.1210.061.2018029192501.hdf,2017-07-21 12:10,61,80928,D,180,89.9882521584678,65.1298478667964,-180,79.8407212794516,-63.4098908922698,-110.808217379451,-169.463598483692,86.7140940671437,71.2109416080338,64.8315734918852,73.1652711634537
MYD03.A2017202.1215.061.2018029190823.hdf,2017-07-21 12:15,61,80928,B,-111.332672662062,73.7859917491556,50.7963467953983,-169.77282138644,-170.836941767309,-111.330854236298,-132.745552495409,-167.913222258152,73.6409272165167,65.1825105006806,50.6156326946111,55.4081386114574
MYD03.A2017202.1220.061.2018029191934.hdf,2017-07-21 12:20,61,80928,N,-133.267931414509,55.8725039561753,34.1901865740323,-169.395823226285,-168.372889529573,-133.265886443699,-143.379708844178,-169.408914723204,55.8811137237742,50.8613449405048,34.0830878927851,37.5885403785299
MYD03.A2017202.1225.061.2018029185805.hdf,2017-07-21 12:25,61,80928,N,-143.785553257889,37.9678650631133,16.7963433282667,-171.89121458887,-169.627843846495,-143.781177744956,-149.843654569149,-171.915049793866,37.9931519630255,34.2617984824498,16.7443449790744,19.7697305406763
MYD03.A2017202.1230.061.2018029190120.hdf,2017-07-21 12:30,61,80928,N,-150.093720088015,20.0305481493842,-0.945274134303496,-175.201287651762,-172.022444932711,-150.087801911412,-154.38284623731,-175.216109479485,20.0612745552092,16.86702071766,-0.95943625726169,2.01122692669521
MYD03.A2017202.1235.061.2018029190303.hdf,2017-07-21 12:35,61,80928,N,-154.475906296687,2.14214561015002,-18.9139533537925,-179.608155142267,-175.266044341653,-154.381239342992,-157.776264497522,-179.614762532454,2.17113088462848,-0.883854456394608,-18.9983376545524,-15.7415483919268
MYD03.A2017202.1240.061.2018029190121.hdf,2017-07-21 12:40,61,80928,N,-157.761625497332,-15.6663655399115,-36.8104530386714,174.147954656044,-179.595034411072,-157.496850037351,-160.217060636778,174.135727550836,-15.649868691169,-18.8601398090299,-37.0267614275331,-33.091027732262
MYD03.A2017202.1245.061.2018029185812.hdf,2017-07-21 12:45,61,80928,N,-160.17962772556,-33.0216003493568,-54.6518284780127,163.938585661206,174.175741153095,-159.728442118311,-161.564245109175,163.793276555514,-33.0091949677132,-36.7474769932255,-54.9798613834942,-49.6117288419869
MYD03.A2017202.1250.061.2018029190826.hdf,2017-07-21 12:50,61,80928,N,-159.687004575367,-49.5873927744036,-72.4858189504925,143.222903019282,163.991833786747,-160.832492900433,-159.632384923555,142.883901005385,-49.5801035732307,-54.5596012542017,-72.7646340760096,-63.9149661042787
MYD03.A2017202.1255.061.2018029191220.hdf,2017-07-21 12:55,61,80928,N,180,-64.0247941706428,-89.9866901582939,-180,143.353539887268,-158.622281710582,-64.7014182206062,97.9016521331448,-64.023048609948,-72.2269859574988,-87.2270989931047,-70.6336919851133
MYD03.A2017202.1300.061.2018029193700.hdf,2017-07-21 13:00,61,80928,N,98.1012429825025,-63.6463313177827,-89.7245633368455,-75.7152503925705,98.1029400450639,-76.4573784380147,-2.03776993265883,53.9801173405858,-71.0291315709788,-86.9502124440055,-71.2474090604347,-63.3857101919319
MYD03.A2017202.1305.061.2018029185202.hdf,2017-07-21 13:05,61,80928,B,53.5034806653784,-49.094255730934,-71.8819131581097,-2.30377426375971,53.5052061509316,-3.11657229259513,-0.719433939865937,33.9029851585335,-63.7027951332928,-71.7389328405302,-53.5774410607707,-48.8925733478832
MYD03.A2017202.1310.061.2018029190011.hdf,2017-07-21 13:10,61,80928,D,33.3037557158305,-32.4878338394776,-54.0436970024123,-2.14494431455686,33.3055400977736,-1.0055718228287,-2.15949642630178,23.7563690862396,-49.165671498962,-54.0550179397992,-35.8199735546623,-32.3586331598659
MYD03.A2017202.1315.061.2018029190549.hdf,2017-07-21 13:15,61,80928,D,23.2508113236425,-15.105233481023,-36.1909800266254,-4.5996173833269,23.2547357764007,-2.24508888832793,-4.62316981746641,17.4244803306127,-32.55965372362,-36.2144290633054,-18.0289991932777,-15.0374620371852
MYD03.A2017202.1320.061.2018029193155.hdf,2017-07-21 13:20,61,80928,D,17.0818141343749,2.63935985666091,-18.2803749060972,-7.89823178755476,17.0844618750417,-4.61313973679036,-7.91122757782573,12.9098039799735,-15.1792356530807,-18.3039728530633,-0.272678588163486,2.66248822462128
MYD03.A2017202.1325.061.2018029191817.hdf,2017-07-21 13:25,61,80929,D,12.7449892844403,20.6347402842369,-0.387969961006982,-12.3436856568563,12.7587370672596,-7.89121648579236,-12.3919405185264,9.4259107876799,2.56876884360248,-0.407859408825827,17.5080955590253,20.7304552960628
MYD03.A2017202.1330.061.2018029184838.hdf,2017-07-21 13:30,61,80929,D,9.44172676331943,38.5860394845718,17.446310855465,-18.767508512662,9.64504556803283,-12.3301844565019,-18.8809369962578,6.94978205893577,20.5786195082828,17.4296751415868,34.8725086947526,38.8094233865864
MYD03.A2017202.1335.061.2018029184845.hdf,2017-07-21 13:35,61,80929,D,6.9882379710063,56.4991705558228,34.8328504995013,-29.5315859406528,7.3803368151715,-18.7374398483631,-29.7877966825616,5.54704937506469,38.5209441706496,34.8210252626951,51.3785096963346,56.8287611583886
MYD03.A2017202.1340.061.2018029192237.hdf,2017-07-21 13:40,61,80929,D,7.67534020358343,74.4206982333079,51.3992435165501,-52.204128972612,6.25740799892959,-29.4782828884911,-52.6351408320388,7.74621582098934,56.4128279088914,51.3926541099685,65.4156659568257,74.7007707722609
MYD03.A2017202.1345.061.2018029192828.hdf,2017-07-21 13:45,61,80929,D,180,89.9859293233155,65.586110311058,-180,9.02521304372672,-52.0690380369632,-100.851882250107,135.294790437644,74.1614807048321,65.583889631109,70.7998245214203,86.3090823160789
MYD03.A2017202.1350.061.2018029185628.hdf,2017-07-21 13:50,61,80929,D,-100.778912414261,87.6999625163213,62.3111085387995,129.148536455339,125.307891596287,-100.777037632381,-142.155635888182,166.807945352171,86.4071695469714,71.1443614059526,62.0328121098635,69.2072084314452
MYD03.A2017202.1355.061.2018029190537.hdf,2017-07-21 13:55,61,80929,B,-142.754780380772,69.7780575621804,47.1955572683841,166.614418022993,165.789678450873,-142.741120810994,-160.453927778192,167.164087179892,69.6943788393434,62.3685837089554,47.0374876078765,51.4236260947329
MYD03.A2017202.1400.061.2018029185035.hdf,2017-07-21 14:00,61,80929,N,-160.940592802737,51.8715367633211,30.3461755503971,165.399575165252,166.780339432587,-160.937879295242,-169.792219267125,165.381983285886,51.8864738207232,47.2618951888985,30.2528461564969,33.6010726106701
MYD03.A2017202.1405.061.2018029191927.hdf,2017-07-21 14:05,61,80929,N,-170.165990900274,33.9553179222349,12.8482426666663,162.723301121429,165.194939557918,-170.16120948769,-175.707471267332,162.699797897851,33.9825396102178,30.4180895376734,12.806355303569,15.7869379516244
MYD03.A2017202.1410.061.2018029191802.hdf,2017-07-21 14:10,61,80929,N,-175.921659597396,16.0202151745337,-4.93921451788057,159.209248119666,162.608450135353,-175.915473316849,-179.955886994088,159.198858834265,16.0512483414738,12.9192658378157,-4.94705478205715,-1.94374783874016
MYD03.A2017202.1415.061.2018029192119.hdf,2017-07-21 14:15,61,80929,N,179.989620225167,-1.84335532306441,-22.9205911847692,154.480236414181,159.160035095099,-179.87590080943,176.883245492894,154.473391854172,-1.8160089758085,-4.88155193698086,-23.0359341737488,-19.6659498733492
MYD03.A2017202.1420.061.2018029192436.hdf,2017-07-21 14:20,61,80929,N,176.902853563887,-19.5908726607192,-40.8091881831979,147.627000394339,154.495458297782,177.208166509254,174.641327379431,147.576725219636,-19.5750799592559,-22.8659622433149,-41.0528977336804,-36.8828983254396
MYD03.A2017202.1425.061.2018029185336.hdf,2017-07-21 14:25,61,80929,N,174.681863134581,-36.8249951764282,-58.6408939498944,135.898007754126,147.658231074404,175.181124613717,173.679924767821,135.730356193064,-36.8148670797021,-40.7418016188505,-58.9803618135966,-53.1033606930365
MYD03.A2017202.1430.061.2018029191843.hdf,2017-07-21 14:30,61,80929,N,177.593177587067,-53.0914723553027,-76.4773633759352,110.909966352683,135.962318474396,174.483658314992,177.766619808306,110.545684313885,-53.0854522461492,-58.5295872211223,-76.6917229940818,-66.4123885235764
MYD03.A2017202.1435.061.2018029191205.hdf,2017-07-21 14:35,61,80929,N,180,-66.5781985443386,-89.9852900587307,-180,111.066597263044,178.947887489616,-45.8298263833072,61.1807222642575,-66.5737933022655,-76.1235199924692,-84.531281325471,-70.1430631534444
MYD03.A2017202.1440.061.2018029192821.hdf,2017-07-21 14:40,61,80929,N,61.1192866534162,-60.7231475882765,-85.7330472903696,-49.0569355039506,61.1212339373805,-52.2188849078066,-25.951137639177,23.2430307601657,-70.5550672817473,-84.7984703222532,-67.3055780159403,-60.478292280485
MYD03.A2017202.1445.061.2018029185950.hdf,2017-07-21 14:45,61,80929,B,22.7135007720015,-45.4833567608798,-67.8899826306016,-26.1272440741462,22.7150623920432,-26.6998164281974,-25.6371367689519,6.37847853515317,-60.7848320472886,-67.807489743032,-49.6082994535296,-45.300921040422
MYD03.A2017202.1450.061.2018029185358.hdf,2017-07-21 14:50,61,80929,D,5.80071150432137,-28.6403291788537,-50.057230613068,-27.3414372110868,5.80313857941728,-25.8587815829376,-27.3601810887365,-2.60177954998006,-45.5558020324568,-50.0730769901908,-31.8414621190325,-28.5304546697732
MYD03.A2017202.1455.061.2018029185630.hdf,2017-07-21 14:55,61,80929,D,-3.05640430912148,-11.1537012910537,-32.1875759228411,-29.982278341388,-3.05181193305335,-27.4190510771928,-30.0047859793051,-8.40266941481777,-28.7124632316213,-32.2098224261375,-14.0529674028829,-11.0980318216198
MYD03.A2017202.1500.061.2018029184932.hdf,2017-07-21 15:00,61,80929,D,-8.70423736378753,6.63719099875526,-14.273272733803,-33.4935205907223,-8.69828453097891,-29.9821200678601,-33.5012296324268,-12.6326160207434,-11.2278012375092,-14.2933762515728,3.68164929642798,6.65542966773047
MYD03.A2017202.1505.061.2018029190332.hdf,2017-07-21 15:05,61,80930,D,-12.7746916448373,24.649965955586,3.59926110364674,-38.2853363398341,-12.7214203102176,-33.4854341142424,-38.3421187437125,-15.9081827852693,6.57120821953306,3.58101902760402,21.4340111925583,24.7768768884034
MYD03.A2017202.1510.061.2018029185559.hdf,2017-07-21 15:10,61,80930,D,-15.8871209193258,42.5971111001505,21.3750053586282,-45.3774319818115,-15.6551265520571,-38.2697224662401,-45.5220467380126,-18.2040287143165,24.5928887649498,21.3597308268141,38.664436184731,42.8478221464414
MYD03.A2017202.1515.061.2018029185328.hdf,2017-07-21 15:15,61,80930,D,-18.1626131557057,60.5044982187786,38.635899779936,-57.8191127922589,-17.7195727553219,-45.3430652240095,-58.1167796178256,-19.2134752361162,42.5285952869349,38.6251051468911,54.8403231457015,60.8431261044809
MYD03.A2017202.1520.061.2018029190715.hdf,2017-07-21 15:20,61,80930,D,-14.6078359537,78.4304029698717,54.8824873269616,-85.3809421098029,-18.4167658243815,-57.7559956672208,-85.7864455293787,-14.3779234617492,60.4001942682826,54.8770205617593,67.7424966802353,78.6430064825596
MYD03.A2017202.1525.061.2018029191021.hdf,2017-07-21 15:25,61,80930,D,180,89.9865186671341,67.9579653662967,-180,-12.8871233467581,-85.2123651760754,-137.379159365759,131.231226621032,78.072217031782,67.9562046257505,69.8776806701887,82.7936231299028
MYD03.A2017202.1530.061.2018029185207.hdf,2017-07-21 15:30,61,80930,D,-137.53938965367,83.690452008262,59.2023714966293,129.576610490402,127.066466643502,-137.537356491984,-172.325364919742,142.600578690219,83.1580708602418,70.241117406446,58.9614766966717,65.2383624112081
MYD03.A2017202.1535.061.2018029185628.hdf,2017-07-21 15:35,61,80930,N,-172.897865873595,65.7700497530006,43.5169619523161,142.14714199354,141.77921896964,-172.896380376106,172.273115990818,142.152232873291,65.723039980245,59.2645094734589,43.3703571777809,47.4419231022611
MYD03.A2017202.1540.061.2018029190411.hdf,2017-07-21 15:40,61,80930,N,171.793104309608,47.8677834741767,26.4698285708164,140.151289276967,141.828672317887,171.796377603276,163.955608212481,140.13048054032,47.8861959461919,43.5843765028972,26.3895781943296,29.6124521555635
MYD03.A2017202.1545.061.2018029190240.hdf,2017-07-21 15:45,61,80930,N,163.616292494434,29.9425418028352,8.88603343040409,137.295537449809,139.968780037902,163.621418872369,158.509805900796,137.273485655175,29.9711955169358,26.5418963277287,8.85307128012625,11.8103904368061
MYD03.A2017202.1550.061.2018029190242.hdf,2017-07-21 15:50,61,80930,N,158.330558131489,12.0132597751395,-8.93796187813422,133.560739712743,137.195755599086,158.33698503471,154.518416560755,133.55471041121,12.0442167127847,8.95736204191073,-8.94652996985259,-5.89429299612988
MYD03.A2017202.1555.061.2018029184906.hdf,2017-07-21 15:55,61,80930,N,154.503932409605,-5.81904170005514,-26.9253221840049,128.473558292685,133.536278319032,154.664839866711,151.569112916534,128.466523943429,-5.79526905084223,-8.88132790308697,-27.0710201247285,-23.5714587893457
MYD03.A2017202.1600.061.2018029192437.hdf,2017-07-21 16:00,61,80930,N,151.588384327431,-23.4965443651489,-44.8040886702919,120.849800007033,128.49131840654,151.955093235271,149.5584886276,120.799107262861,-23.4806359251362,-26.8701885306766,-45.0738653112366,-40.6326370221883
MYD03.A2017202.1605.061.2018029191336.hdf,2017-07-21 16:05,61,80930,N,149.600915429887,-40.5759671908688,-62.6310293480661,107.253022095535,120.887074048857,150.150404217962,149.10168540884,107.019842364182,-40.5656882246355,-44.7315284691548,-62.9684697781385,-56.4554373951128
MYD03.A2017202.1610.061.2018029185252.hdf,2017-07-21 16:10,61,80930,N,156.73161776886,-56.4748528574371,-80.4689520199744,77.0031564743126,107.331348465272,149.927592366536,157.239020646373,76.676335344466,-56.4701246142206,-62.4926774846619,-80.5682650688545,-68.4490982617101
MYD03.A2017202.1615.061.2018029190944.hdf,2017-07-21 16:15,61,80930,N,180,-68.6606740416244,-89.9875101845111,-180,77.1974179813328,158.783724626998,-59.0164297600839,25.4381793571564,-68.6594665456055,-79.956438882656,-80.8476064565255,-68.8820792878023
MYD03.A2017202.1620.061.2018029190900.hdf,2017-07-21 16:20,61,80930,B,25.1942954707377,-57.563840382998,-81.7407817038978,-60.1840647315654,25.1963074595966,-61.9989150779541,-50.2468161686247,-6.38238511094551,-69.2603664559742,-81.2638025454807,-63.3570142292731,-57.3092693819917
MYD03.A2017202.1625.061.2018029193205.hdf,2017-07-21 16:25,61,80930,D,-7.01150202085172,-41.8014264541958,-63.8978245741203,-50.6440042858876,-7.01009155997364,-50.8105278996324,-50.6427041207189,-20.7873692741273,-57.629346846679,-63.8565175456621,-45.6374667006582,-41.6371947244992
MYD03.A2017202.1630.061.2018029192023.hdf,2017-07-21 16:30,61,80930,D,-21.3391781501948,-24.768085942652,-46.0666635694989,-52.5684582005632,-21.3361718445626,-50.7953109459848,-52.5915380166721,-28.813153725234,-41.8745588903158,-46.084759798297,-27.86123092637,-24.6719176080728
MYD03.A2017202.1635.061.2018029193312.hdf,2017-07-21 16:35,61,80930,D,-29.2350005291224,-7.19272769427186,-28.1805540382248,-55.4030068008084,-29.2300457996933,-52.6348993334565,-55.4229042233061,-34.1738918247005,-24.8401639914494,-28.2021052098195,-10.0783193095802,-7.14690896963228
MYD03.A2017202.1640.061.2018029190746.hdf,2017-07-21 16:40,61,80930,D,-34.4399969920487,10.6393970296755,-10.2673243522832,-59.1507091401826,-34.4338074134437,-55.3951343834151,-59.1561232628569,-38.161071382442,-7.26688988467703,-10.286011327476,7.64914993441063,10.6719157825606
MYD03.A2017202.1645.061.2018029190528.hdf,2017-07-21 16:45,61,80931,D,-38.2598362238351,28.5773369743437,7.57744557842625,-64.3048526671662,-38.1716717004917,-59.1411198161799,-64.3763138285838,-41.2038646794538,10.5766078642451,7.55976264301296,25.2526811914884,28.7318246438512
MYD03.A2017202.1650.061.2018029192358.hdf,2017-07-21 16:50,61,80931,D,-41.1742452630223,46.6046539166739,25.1978083873288,-72.2306262999305,-40.896118172938,-64.2830476596805,-72.4045094313614,-43.2985772256446,28.5172939794469,25.1834070754644,42.4094474303283,46.8812279051552
MYD03.A2017202.1655.061.2018029192316.hdf,2017-07-21 16:55,61,80931,D,-43.25522881707,64.5100166289659,42.392864795804,-86.8013711958234,-42.8298291260661,-72.1910440848736,-87.1333557019102,-43.8989861118351,46.5314855263451,42.3834570103296,58.1617375256642,64.8506714222477
MYD03.A2017202.1700.061.2018029185844.hdf,2017-07-21 17:00,61,80931,D,-33.9285929003788,82.4378649611367,58.2276303256708,-120.246203184561,-42.8935010375503,-86.7163652430261,-120.567316466085,-33.2132595169205,64.3794823086452,58.2192106019841,69.5301829231414,82.503847718211
MYD03.A2017202.1705.061.2018029185553.hdf,2017-07-21 17:05,61,80931,D,180,89.9895130826764,68.5671812231739,-180,-31.5294306495064,-120.04494311119,-172.534267710096,112.845327747277,81.8969027869454,69.790363020591,68.2370668918982,78.950999579532
MYD03.A2017202.1710.061.2018029185437.hdf,2017-07-21 17:10,61,80931,B,-172.885715332388,79.6847055988948,55.9190896516796,112.138011605011,110.453763715114,-172.883698382489,158.453254153588,118.013788308869,79.3838333463859,68.6025264819923,55.6911288626847,61.2661477850195
MYD03.A2017202.1715.061.2018029191807.hdf,2017-07-21 17:15,61,80931,N,157.8605389633,61.7676116707687,39.7820791530089,117.10092093341,117.431855772832,157.861879919244,145.285847104359,117.095156868763,61.7539130078327,55.9813400587354,39.6577458034103,43.4571447288421
MYD03.A2017202.1720.061.2018029193303.hdf,2017-07-21 17:20,61,80931,N,144.856678187859,43.8656464286806,22.5744060519625,114.860113733486,116.793678954125,144.860466028083,137.843073942998,114.838682835984,43.8853834890471,39.8502703441769,22.5061568010683,25.6332963093147
MYD03.A2017202.1725.061.2018029192553.hdf,2017-07-21 17:25,61,80931,N,137.53764318803,25.9354482340921,4.91940384357156,111.82299887527,114.696278436392,137.543081785172,132.799952454992,111.803362900102,25.9651632234548,22.6467854941241,4.89448860123,7.84584043586383
MYD03.A2017202.1730.061.2018029192006.hdf,2017-07-21 17:30,61,80931,N,132.655599959878,8.01767223197425,-12.9329104069301,107.848405305587,111.739287534074,132.686808741584,129.060260535652,107.842133103848,8.04816740641642,4.98717385822006,-12.9704474765164,-9.85086726177639
MYD03.A2017202.1735.061.2018029190654.hdf,2017-07-21 17:35,61,80931,N,129.067502827886,-9.77561593904563,-30.834092908918,102.363788967794,107.835316538459,129.270441589299,126.33530924844,102.356431622212,-9.75367592889638,-12.8783023126372,-31.0075051242595,-27.3549726379917
MYD03.A2017202.1740.061.2018029192333.hdf,2017-07-21 17:40,61,80931,N,126.367770992162,-27.2838585962664,-48.7872808100481,93.82292743902,102.386698924158,126.761182891785,124.543489532751,93.7332939160295,-27.2694910930658,-30.7770503694714,-49.0832073309488,-44.3149417564548
MYD03.A2017202.1745.061.2018029185304.hdf,2017-07-21 17:45,61,80931,N,124.794423275551,-44.2721767966413,-66.6155566535337,77.8465286470114,93.8667754382065,125.189522710275,124.78104922506,77.565617120179,-44.2631444768031,-48.7089293723522,-66.9406608988072,-59.6457905871079
MYD03.A2017202.1750.061.2018029193000.hdf,2017-07-21 17:50,61,80931,N,141.49699823498,-59.6951523670947,-84.4546422296378,41.5601422300525,77.9421599011167,125.63229476177,143.090336309679,41.3033982297912,-59.691679935952,-66.4404384049841,-84.2808663159773,-69.8850190123698
MYD03.A2017202.1755.061.2018029192755.hdf,2017-07-21 17:55,61,80931,N,180,-67.3275026392636,-89.9867304242519,-180,41.7807668540745,144.30459139015,-79.0697311526407,-8.87594290422484,-70.1839613862444,-83.6252350444519,-77.0050687291495,-67.0221164780457
MYD03.A2017202.1800.061.2018029190958.hdf,2017-07-21 18:00,61,80931,B,-9.24157102823965,-54.2340430998822,-77.7539655882449,-79.6485200722955,-9.23962719777806,-80.9213841327404,-74.8076793817776,-35.2678052840704,-67.3712482595252,-77.4673844476632,-59.405682201204,-54.0018120866651
MYD03.A2017202.1805.061.2018029185348.hdf,2017-07-21 18:05,61,80931,D,-35.8949160249553,-38.0662616494424,-59.9105218215847,-75.7058027571046,-35.8936378425547,-75.2385638019764,-75.7124029807853,-47.6625060482862,-54.301987672766,-59.8980890574619,-41.6673322944742,-37.9192051162365
MYD03.A2017202.1810.061.2018029185129.hdf,2017-07-21 18:10,61,80931,D,-48.1860414902171,-20.8755013339002,-42.0747942934816,-77.8638738829918,-48.1825135051732,-75.8411172234457,-77.8869349221837,-54.9000075222438,-38.1398732332486,-42.0947230994457,-23.8845942166907,-20.7906931498503
MYD03.A2017202.1815.061.2018029191421.hdf,2017-07-21 18:15,61,80931,D,-55.2974294900393,-3.22223625232196,-24.1763912821725,-80.8758871891379,-55.2891613002158,-77.9047507209342,-80.8941397731574,-59.8861193894452,-20.9470884966649,-24.1994168063313,-6.10743918640336,-3.18622088227059
MYD03.A2017202.1820.061.2018029190718.hdf,2017-07-21 18:20,61,80931,D,-60.1104804744465,14.6444766855375,-6.26776901170414,-84.8705187441831,-60.1042749928784,-80.8667857845566,-84.894331060313,-63.6503195856342,-3.29634625993699,-6.28675962355323,11.6120014241204,14.7014006152352
MYD03.A2017202.1825.061.2018029192207.hdf,2017-07-21 18:25,61,80932,D,-63.7019483088946,32.5903439743434,11.5439201197093,-90.4737643071856,-63.5727937101685,-84.8604788970751,-90.5619071483278,-66.4703351040392,14.5846149785154,11.5269963890395,29.1321934117696,32.7737365018038
MYD03.A2017202.1830.061.2018029185331.hdf,2017-07-21 18:30,61,80932,D,-66.4366582895476,50.6085544942244,29.0829783410064,-99.3765964974508,-66.1226522001723,-90.4490961791093,-99.5919883060062,-68.3370302764862,32.5284982594364,29.0696449193724,46.094729314869,50.9088800516321
MYD03.A2017202.1835.061.2018029185537.hdf,2017-07-21 18:35,61,80932,D,-68.0620971657471,68.5174671026448,46.0945089902509,-116.658652017867,-67.7303140964608,-99.3313052296935,-117.024439345093,-68.0734060966706,50.5311722966837,46.0864400936544,61.2995434388722,68.8441536042229
MYD03.A2017202.1840.061.2018029185958.hdf,2017-07-21 18:40,61,80932,D,-42.4499849756555,86.4456709228433,61.3944916853194,-156.637959871133,-67.0227610334167,-116.561954262788,-156.804115501973,-39.2659879855143,68.3475501208708,61.3912982385645,70.639204051981,86.0762338274225
MYD03.A2017202.1845.061.2018029192846.hdf,2017-07-21 18:45,61,80932,D,180,89.9898687455722,66.3400972162299,-180,-39.2826725334608,-156.411619017304,153.925144753658,90.8793286403835,85.4277569625624,70.9451763748978,66.0327041531831,75.0298873798547
MYD03.A2017202.1850.061.2018029185507.hdf,2017-07-21 18:50,61,80932,B,153.450619155738,75.6780155524459,52.4658165854723,90.4993802611314,89.2871410958776,153.452690766647,129.957983739512,93.2654046993152,75.494288746583,66.3847778734346,52.2706271969024,57.2885020485058
MYD03.A2017202.1855.061.2018029190848.hdf,2017-07-21 18:55,61,80932,N,129.404029778848,57.7652598346534,35.9984647060018,91.961563480181,92.7907886374985,129.406935749426,118.593855402879,91.9461049610797,57.7690763298487,52.5331585253662,35.8836732822007,39.4736911881119
MYD03.A2017202.1900.061.2018029192417.hdf,2017-07-21 19:00,61,80932,N,118.172635124066,39.8598720794883,18.6554461396157,89.5259458569532,91.6860134448212,118.17911943294,111.839537219422,89.5025231315135,39.8834374497352,36.0670542749978,18.6000532972775,21.6517838658615
MYD03.A2017202.1905.061.2018029190441.hdf,2017-07-21 19:05,61,80932,N,111.576449620795,21.9278059631473,0.941133879603067,86.3039395208923,89.3817617203438,111.582188673077,107.154292682925,86.2873053345212,21.9585694776967,18.7281915586822,0.923695803417379,3.88479322073889
MYD03.A2017202.1910.061.2018029190611.hdf,2017-07-21 19:10,61,80932,N,107.047320630914,4.02701045936013,-16.931721393519,82.0624506968187,86.2359384426687,107.119053637426,103.666155840825,82.0558964593217,4.05659085339069,1.00347278897788,-17.0003731531986,-13.7936527693828
MYD03.A2017202.1915.061.2018029190640.hdf,2017-07-21 19:15,61,80932,N,103.678283713459,-13.7184128766244,-34.8297213497228,76.0924034952965,82.0702253285591,103.923369859237,101.132511442867,76.0848322550522,-13.700539886262,-16.8778738015053,-35.0319879686906,-31.1985590407299
MYD03.A2017202.1920.061.2018029185622.hdf,2017-07-21 19:20,61,80932,N,101.168548974121,-31.1277034843377,-52.7652081657423,66.4526860905353,76.118380056568,101.600154641216,99.6190796085168,66.3283274357648,-31.1147653945454,-34.7688306075404,-53.0849872912548,-47.9275769754186
MYD03.A2017202.1925.061.2018029185750.hdf,2017-07-21 19:25,61,80932,N,100.704181737664,-47.8987683100218,-70.5978585010894,47.4494375643112,66.5044852137519,100.237558052267,100.725855450472,47.1257791177502,-47.8910063974348,-52.6807746019565,-70.9009191292624,-62.610524773261
MYD03.A2017202.1930.061.2018029185804.hdf,2017-07-21 19:30,61,80932,N,150.293325833064,-62.6962796850743,-88.4366317906321,4.85604145520676,47.5761820231071,101.804345076665,157.625506787977,4.79189537444855,-62.6902584925225,-70.3715663501663,-87.1324230602392,-70.5834573609201
MYD03.A2017202.1935.061.2018029190118.hdf,2017-07-21 19:35,61,80932,N,180,-64.9250346135629,-89.9901966918259,-180,5.09696924132767,152.379946952597,-101.64487977584,-41.5444629047513,-70.9124736386698,-86.5255475524549,-73.1071892062513,-64.6191437434393
MYD03.A2017202.1940.061.2018029193733.hdf,2017-07-21 19:40,61,80932,B,-42.0543721605747,-50.7748768023043,-73.7716266003116,-101.972053163367,-42.052570020349,-102.833769624053,-99.5479724650741,-63.4967823460529,-64.9777470397259,-73.5940344213897,-55.4521833762036,-50.5633014530971
MYD03.A2017202.1945.061.2018029191004.hdf,2017-07-21 19:45,61,80932,D,-64.1124609266518,-34.2891884816506,-55.9303164867056,-100.825297449226,-64.1110029594791,-99.8791399564161,-100.837634015069,-74.2937818702615,-50.8444936926551,-55.936377781255,-37.7009418240951,-34.1576278738156
MYD03.A2017202.1950.061.2018029192914.hdf,2017-07-21 19:50,61,80932,D,-74.7891497875669,-16.9636714389616,-38.0852419819618,-103.181437955207,-74.7851649488625,-100.930444287792,-103.204994323964,-80.8760751165387,-34.3629680714951,-38.1063955242912,-19.9135649996069,-16.892071659071
MYD03.A2017202.1955.061.2018029192620.hdf,2017-07-21 19:55,61,80932,D,-81.2317958650589,0.753101403197714,-20.1766393970805,-106.387888290527,-81.2262289050291,-103.207145151377,-106.402471250146,-85.5265466434691,-17.0355564162564,-20.1982856608955,-2.14913541234896,0.781858601711639
MYD03.A2017202.2000.061.2018029191502.hdf,2017-07-21 20:00,61,80932,D,-85.7205114626162,18.6474345927004,-2.27782698631585,-110.666255038701,-85.7139325614053,-106.377827217777,-110.701238125669,-89.0986182067491,0.679010676607676,-2.29655656170648,15.557341514131,18.7306357035533
MYD03.A2017202.2005.061.2018029185329.hdf,2017-07-21 20:05,61,80933,D,-89.107415990901,36.5977603264492,15.4921618076392,-116.77683925979,-88.9386745923512,-110.654042706611,-116.899505003058,-91.7022091957132,18.589335826344,15.475381833299,32.9770747613683,36.8079695546799
MYD03.A2017202.2010.061.2018029185537.hdf,2017-07-21 20:10,61,80933,D,-91.6645451339471,54.6052125756404,32.9380626955863,-126.918600456062,-91.2892222335816,-116.752291822273,-127.14428560464,-93.2691024276503,36.534376461969,32.9260906520058,49.706851359632,54.9282247367137
MYD03.A2017202.2015.061.2018029190922.hdf,2017-07-21 20:15,61,80933,D,-91.8643434839734,72.5213732896136,49.717696267784,-147.643792592833,-92.583138980992,-126.86479487869,-148.054543896623,-91.8302307621994,54.5212686141857,49.7082175017139,64.1710941429021,72.8208931836614
MYD03.A2017202.2020.061.2018029193210.hdf,2017-07-21 20:20,61,80933,D,180,89.9886586780273,64.3119065313124,-180,-90.6512648813894,-147.524755240053,166.131265489929,7.96917835648792,72.2980467918709,64.3105235334474,70.9463648127277,87.422536309987
MYD03.A2017202.2025.061.2018029192536.hdf,2017-07-21 20:25,61,80933,D,166.316697297785,89.5990517151644,63.6802801026309,-3.55614642514644,-4.77537700466362,166.318430161238,121.932110506861,67.5170146862439,87.1754579033855,71.2874098756859,63.4007195545437,71.0834502000028
MYD03.A2017202.2030.061.2018029185414.hdf,2017-07-21 20:30,61,80933,B,121.394080636665,71.6747938356683,48.9249507956897,67.2884515403995,66.3732761334666,121.39580941506,102.041135225796,68.3906518063602,71.5629846046228,63.7323236820146,48.7388680411938,53.3121673386962
MYD03.A2017202.2035.061.2018029192311.hdf,2017-07-21 20:35,61,80933,N,101.476574206998,53.7680987673434,32.2002406600558,66.7836349819371,68.0035555295188,101.477686782423,92.0707885297024,66.7597528670197,53.7839625117118,48.9928357580587,32.0845280258932,35.4910150061972
MYD03.A2017202.2040.061.2018029193431.hdf,2017-07-21 20:40,61,80933,N,91.6154493266491,35.8533489023275,14.7213462992568,64.1564916451574,66.529146329861,91.6225140544446,85.8539541735832,64.1321231430735,35.8870551046203,32.2685671267682,14.6928020102698,17.6683906493685
MYD03.A2017202.2045.061.2018029192434.hdf,2017-07-21 20:45,61,80933,N,85.713101874177,17.9238352914132,-3.04226547597936,60.7380947560929,64.0293951992249,85.7191169352667,81.5634018674276,60.7254768478682,17.9549571752383,14.7944128494584,-3.05279248663106,-0.0657381922841568
MYD03.A2017202.2050.061.2018029192133.hdf,2017-07-21 20:50,61,80933,N,81.4960883207476,0.0458549553978497,-20.9292866174551,56.1968307260647,60.6860671623882,81.6049389424981,78.3113709972221,56.190060566474,0.0736660581730386,-2.98371672834535,-21.0284587740517,-17.7177448802187
MYD03.A2017202.2055.061.2018029190035.hdf,2017-07-21 20:55,61,80933,N,78.329225481755,-17.6425467435603,-38.8205588053346,49.6534553310796,56.2111649345866,78.6118827614429,75.9696716845263,49.629994906457,-17.6264083695855,-20.8748646343255,-39.0509200697845,-35.0019137550739
MYD03.A2017202.2100.061.2018029185514.hdf,2017-07-21 21:00,61,80933,N,76.0093972623756,-34.9358038621461,-56.7422061582606,38.6589855437717,49.683372228758,76.4859029166284,74.8009067175373,38.494716787713,-34.923888916099,-38.7554817496171,-57.0771797229298,-51.4510163626127
MYD03.A2017202.2105.061.2018029191036.hdf,2017-07-21 21:05,61,80933,N,77.4183276257056,-51.4397736382974,-74.5786204945416,15.8204853577039,38.7204394583384,75.4755967517275,77.5181138736097,15.4680910496906,-51.4332226739998,-56.6440435143926,-74.8352744756915,-65.2762188350798
MYD03.A2017202.2110.061.2018029193812.hdf,2017-07-21 21:10,61,80933,N,180,-65.4058012038286,-89.9906882162789,-180,15.9760227296753,78.8178709539752,-158.10330564806,-32.0633541011435,-65.4011384881553,-74.274110385888,-86.0772292832317,-70.472608038562
MYD03.A2017202.2115.061.2018029185951.hdf,2017-07-21 21:15,61,80933,N,-31.9860390348516,-62.1512022551314,-87.6328452524989,-164.200226520863,-31.984192842579,-167.662443572638,-125.196817505018,-72.8396804126339,-70.8323952583753,-86.1537137829408,-69.1872948116935,-61.8612166811035
MYD03.A2017202.2120.061.2018029191018.hdf,2017-07-21 21:20,61,80933,B,-73.427595445728,-47.2148362796541,-69.7906609756609,-125.397907346094,-73.4259566484251,-126.043004909351,-124.414744935599,-91.2189820514049,-62.2105378692512,-69.6827824285486,-51.4972243514843,-47.0227497105842
MYD03.A2017202.2125.061.2018029192539.hdf,2017-07-21 21:25,61,80933,D,-91.8163303995861,-30.4734292885865,-51.9537691689629,-125.994512807844,-91.8141981297729,-124.668936944209,-126.011393737523,-100.730934834975,-47.2855117846338,-51.9683621667565,-33.7335886210816,-30.3567332583016
MYD03.A2017202.2130.061.2018029195541.hdf,2017-07-21 21:30,61,80933,D,-101.196369161559,-13.0351249905524,-34.0931027331455,-128.540171933868,-101.19196557249,-126.075647906388,-128.563268092525,-106.760703534963,-30.5474789543829,-34.1149515046701,-15.9443688867275,-12.9744155784609
MYD03.A2017202.2135.061.2018029185221.hdf,2017-07-21 21:35,61,80933,D,-107.082970183701,4.73669146270232,-16.1779730545101,-131.952141023015,-107.077113378099,-128.551275053824,-131.962312680062,-111.120953109945,-13.1069130604927,-16.1987071653145,1.80285362408964,4.75815197585588
MYD03.A2017202.2140.061.2018029192216.hdf,2017-07-21 21:40,61,80934,D,-111.277699281356,22.6531279973877,1.70490415076702,-136.547915340905,-111.248657061423,-131.940868685595,-136.597103089489,-114.485516004857,4.66547016519481,1.68661427414884,19.4854438387298,22.7642563118415
MYD03.A2017202.2145.061.2018029193730.hdf,2017-07-21 21:45,61,80934,D,-114.466738671315,40.6022493156487,19.4242041072974,-143.289127710244,-114.283369037996,-136.533708413841,-143.420981091628,-116.912409782987,22.5939549140087,19.408576274094,36.7857003128618,40.8396403787283
MYD03.A2017202.2150.061.2018029193227.hdf,2017-07-21 21:50,61,80934,D,-116.872665931846,58.6031301329477,36.7522545191222,-154.930640999466,-116.421613262027,-143.255759970532,-155.203324480432,-118.108435339454,40.5368753698473,36.7384184581882,53.2147213884079,58.937037053581
MYD03.A2017202.2155.061.2018029191210.hdf,2017-07-21 21:55,61,80934,D,-114.848275368542,76.5248805246107,53.2450869217186,179.957505152795,-117.334642919049,-154.865766440746,179.543503409795,-114.712720058831,58.5055171892631,53.2385555237161,66.6994813394121,76.7734709387638
MYD03.A2017202.2200.061.2018029191430.hdf,2017-07-21 22:00,61,80934,D,180,89.9900912005211,66.8845919362998,-180,-113.329523355651,-179.897118417036,129.214047169324,25.9193725640661,76.222809945421,66.8838486930483,70.4089517578815,84.5435797797402
MYD03.A2017202.2205.061.2018029191000.hdf,2017-07-21 22:05,61,80934,D,129.155862485502,85.5959955219948,60.7074133939108,23.0033485938747,19.6516381038978,129.157956178879,91.2385308107382,43.48048563948,84.8224228249655,70.7783206518354,60.4558006130833,67.1243642319243
MYD03.A2017202.2210.061.2018029185717.hdf,2017-07-21 22:10,61,80934,B,90.6767647802401,67.6730415345522,45.2746984575184,43.3355172206976,42.6055558313689,90.681100155808,74.5699610508498,43.411690836472,67.6102355899723,60.7635933967127,45.1196319876541,49.333144083858
MYD03.A2017202.2215.061.2018029191005.hdf,2017-07-21 22:15,61,80934,N,74.0715042658797,49.7735111344858,28.3219724303909,41.5243882816781,43.0657388404516,74.0743899175963,65.780095414651,41.5051032449922,49.7909225717655,45.3442802073105,28.2340492970662,31.5115266236981
MYD03.A2017202.2220.061.2018029192452.hdf,2017-07-21 22:20,61,80934,N,65.4213415818067,31.8505636619535,10.773217225049,38.7842825402544,41.3684396394625,65.4255472146275,60.1177036343495,38.763955213948,31.8773325435995,28.3918222138805,10.7389926419636,13.6990568565406
MYD03.A2017202.2225.061.2018029185528.hdf,2017-07-21 22:25,61,80934,N,59.9341582754081,13.9203529726543,-7.0299737492509,35.1483668452389,38.6641086278771,59.9404246428284,56.0213286785353,35.1377812789043,13.9488672084239,10.8465702077586,-7.03492101254278,-4.00635816390167
MYD03.A2017202.2230.061.2018029190912.hdf,2017-07-21 22:30,61,80934,N,55.9912133707127,-3.9292328459277,-24.9261416727918,30.248240226392,35.0945073252947,56.1392517787104,52.9941578119132,30.2420701005765,-3.90386831848954,-6.97453218361434,-25.0578825481081,-21.6246343341245
MYD03.A2017202.2235.061.2018029185414.hdf,2017-07-21 22:35,61,80934,N,53.0161103284239,-21.5495135296632,-42.8076746019135,23.0131141364508,30.2642724784985,53.3379439792114,50.8555236067717,22.9778440280722,-21.5352656288755,-24.8703082725323,-43.0661836596817,-38.7658017739497
MYD03.A2017202.2240.061.2018029190415.hdf,2017-07-21 22:40,61,80934,N,50.8973477067175,-38.7039648991091,-60.7222772704778,10.3274198231591,23.0480179682132,51.4229076815893,50.1256151490559,10.1194695944434,-38.6930851621158,-42.7376451911206,-61.0620288516394,-54.8649554146797
MYD03.A2017202.2245.061.2018029194003.hdf,2017-07-21 22:45,61,80934,N,55.4032645339474,-54.875449637748,-78.5605880541905,-17.2883360246965,10.4013590535068,50.8361166188555,55.6878692160831,-17.63817743664,-54.8701123209312,-60.601890936322,-78.7355518709037,-67.5421963522651
MYD03.A2017202.2250.061.2018029191940.hdf,2017-07-21 22:50,61,80934,N,180,-67.7243457000782,-89.9872449433331,-180,-17.0962858470271,57.3740262591058,-162.023226662268,-68.3311643121172,-67.7204566920363,-78.1325947375883,-82.6469743674721,-69.5692253892405
MYD03.A2017202.2255.061.2018029193706.hdf,2017-07-21 22:55,61,80934,B,-68.489427496778,-59.1025720704822,-83.649739706573,-163.844853098582,-68.4874275528409,-166.092737238219,-149.2998357675,-103.004265845141,-69.9493127287302,-83.0109166632321,-65.2461141024962,-58.8359164501052
MYD03.A2017202.2300.061.2018029192822.hdf,2017-07-21 23:00,61,80934,D,-103.622023718736,-43.5721660867513,-65.8070096768025,-149.430284453812,-103.620542980802,-149.926533460698,-149.374434525459,-118.544083153546,-59.1665686636922,-65.748001403836,-47.5358051394413,-43.3986889499699
MYD03.A2017202.2305.061.2018029193022.hdf,2017-07-21 23:05,61,80934,D,-119.117244662733,-26.6217491987739,-47.9734676491247,-151.209852055016,-119.114501640968,-149.570796458148,-151.230139998331,-127.009300609815,-43.6435112271336,-47.9907277366773,-29.7614913025816,-26.5189785474595
MYD03.A2017202.2310.061.2018029185704.hdf,2017-07-21 23:10,61,80934,D,-127.443456507241,-9.08686032058506,-30.094691987611,-153.940913888814,-127.438669937767,-151.270297462744,-153.9626684811,-132.567988459224,-26.6957522322578,-30.1168298368768,-11.973580172936,-9.03639860904758
MYD03.A2017202.2315.061.2018029192309.hdf,2017-07-21 23:15,61,80934,D,-132.855016371369,8.73105378356667,-12.1774150330183,-157.57499943353,-132.848936292314,-153.938778471111,-157.580806410687,-136.670275882181,-9.15858548784756,-12.1968668978321,5.75536035189927,8.75124886519222
MYD03.A2017202.2320.061.2018029191659.hdf,2017-07-21 23:20,61,80935,D,-136.787498925313,26.6632012865938,5.68300371218714,-162.534211308859,-136.717234890194,-157.562518825328,-162.597404055094,-139.81439111109,8.66434278271073,5.66522003157063,23.3970140948612,26.8038637672633
MYD03.A2017202.2325.061.2018029193405.hdf,2017-07-21 23:25,61,80935,D,-139.791471018252,44.6091570843251,23.340199162466,-170.013908227175,-139.535641674552,-162.517108220701,-170.170546717201,-142.00526598409,26.6061698458621,23.3254503131058,40.5527715793778,44.8725419059418
MYD03.A2017202.2330.061.2018029191038.hdf,2017-07-21 23:30,61,80935,D,-141.963309166921,62.6058965315407,40.5291341065313,176.442337346298,-141.518509618122,-169.977245576852,176.129347583539,-142.823121271051,44.5383438234689,40.5190042369676,56.6042034395798,62.9472304247826
MYD03.A2017202.2335.061.2018029191214.hdf,2017-07-21 23:35,61,80935,D,-135.938304367313,80.5302834376902,56.6582016616104,145.912274852605,-141.909429012912,176.522417743767,145.546205881957,-135.527636628583,62.4858746387668,56.6514094177559,68.7603537352031,80.6795827171432
MYD03.A2017202.2340.061.2018029194016.hdf,2017-07-21 23:40,61,80935,D,180,89.9868537992029,68.9933710509658,-180,-133.944488835517,146.090359954217,93.3521889254755,11.6778152362415,80.0954518194179,68.9926585090099,69.0960174291927,80.7936823970549
MYD03.A2017202.2345.061.2018029191210.hdf,2017-07-21 23:45,61,80935,B,93.0615772149907,81.5912450644703,57.4990687138436,10.6321833967983,8.56834839753729,93.0636214529607,61.5818572263033,19.0718851948684,81.2025924968836,69.4811045055855,57.2791734981542,63.1552517353683
MYD03.A2017202.2350.061.2018029190534.hdf,2017-07-21 23:50,61,80935,N,61.0378518854902,63.6704019305427,41.5774567245443,18.3610062947141,18.3752345440191,61.0392588910062,47.4578858773534,18.3600444974476,63.6412816506652,57.5596198183942,41.4294594490159,45.3536514445316
MYD03.A2017202.2355.061.2018029193913.hdf,2017-07-21 23:55,61,80935,N,46.9379699929517,45.7735662926053,24.4360695257791,16.256974459182,18.072830075256,46.9896484867144,39.6022574325286,16.2344083359172,45.798432200075,41.6372516794514,24.3616967871167,27.5249102929146
