# MODIS Aqua GEOGRAPHIC METADATA TEXT FILE day 2018-10-18
# NFiles = 288, max geo IngestTime = 2018-10-19 16:23:11.289309
# GranuleID,StartDateTime,ArchiveSet,OrbitNumber,DayNightFlag,EastBoundingCoord,NorthBoundingCoord,SouthBoundingCoord,WestBoundingCoord,GRingLongitude1,GRingLongitude2,GRingLongitude3,GRingLongitude4,GRingLatitude1,GRingLatitude2,GRingLatitude3,GRingLatitude4
MYD03.A2018291.0000.061.2018291160255.hdf,2018-10-18 00:00,61,87532,N,180,89.9915904055851,67.5838890382867,-180,-129.607867767686,131.049752394677,79.4748664138887,10.9240246208802,83.6467061198891,70.4517310560447,67.2661889236103,77.0932678801271
MYD03.A2018291.0005.061.2018291160315.hdf,2018-10-18 00:05,61,87532,N,79.059062248318,77.7776093881822,54.2925510120518,10.4097021709064,8.9823031845293,79.061031076342,52.9847702813897,14.491534276094,77.5438241793128,67.6242850433425,54.0842170916793,59.3700053406181
MYD03.A2018291.0010.061.2018291155941.hdf,2018-10-18 00:10,61,87532,N,52.4176842544591,59.8570002135182,37.9860524760894,13.353903109097,13.942501823068,52.4189638950183,40.7377665922258,13.3425849446884,59.851810364422,54.3580733848744,37.8623103919715,41.5522153294659
MYD03.A2018291.0015.061.2018291155927.hdf,2018-10-18 00:15,61,87532,N,40.2957319738752,41.9497328925999,20.6173676410946,11.0254489736118,13.0803765709934,40.3012539091034,33.5992617471842,10.999874449213,41.9721381989469,38.0541679189501,20.556950129234,23.6348914851144
MYD03.A2018291.0020.061.2018291155947.hdf,2018-10-18 00:20,61,87532,N,33.3244672459621,23.9227535675882,2.92667075716704,7.87423937603417,10.8502517397964,33.3294865185967,28.7504210401656,7.85679402657109,23.9534098995622,20.6877044184575,2.90505148613445,5.85638375856795
MYD03.A2018291.0025.061.2018291155953.hdf,2018-10-18 00:25,61,87532,N,28.6167494845506,6.01511771909505,-14.9365057373538,3.76005022997988,7.78908658486616,28.6680537106515,25.1292753570099,3.75362816272595,6.04755288265308,2.99317782328341,-14.9881835600636,-11.8298561790187
MYD03.A2018291.0030.061.2018291160420.hdf,2018-10-18 00:30,61,87532,N,25.1423285110449,-11.7581819541775,-32.8400119022844,-1.96207939750268,3.75450979637159,25.3769686826017,22.5114769504609,-1.96965500879109,-11.7349598622379,-14.8855097921173,-33.0256822666897,-29.2880633098242
MYD03.A2018291.0035.061.2018291160342.hdf,2018-10-18 00:35,61,87532,N,22.5416770250057,-29.2132273535649,-50.6937225074486,-10.9767943505387,-1.93981863083577,22.9748805439073,20.8840115497772,-11.078779012259,-29.1978898306182,-32.780907717199,-50.9997225503803,-46.0518497330746
MYD03.A2018291.0040.061.2018291155939.hdf,2018-10-18 00:40,61,87532,N,21.5760154799191,-46.0140159986982,-68.5203171643571,-28.3196769023169,-10.9293926509154,21.5632651355611,21.5780565654568,-28.6137036246972,-46.0054046708533,-50.6120122519678,-68.8343695691906,-61.0883209242806
MYD03.A2018291.0045.061.2018291160114.hdf,2018-10-18 00:45,61,87532,B,48.3068254480156,-61.1503890069446,-86.3553231250626,-67.6353507373139,-28.2135644259369,22.4443526271141,51.582441740932,-67.796840904797,-61.1473594631983,-68.3216696749194,-85.8649628936136,-70.3003795410434
MYD03.A2018291.0050.061.2018291160643.hdf,2018-10-18 00:50,61,87532,D,180,-66.2242965557621,-89.9980573097956,-180,-67.3986550045711,51.6593463770746,178.463701161361,-116.357162908167,-70.5947366188203,-85.1791244440733,-75.1504328216359,-65.9023413475555
MYD03.A2018291.0055.061.2018291160103.hdf,2018-10-18 00:55,61,87532,D,-116.824911297382,-52.5975806590728,-75.8588563680387,178.028614064732,-116.823030994751,177.012089147972,-178.394098816057,-140.545581076995,-66.2726809683508,-75.6285665911753,-57.5269556750899,-52.3748073818664
MYD03.A2018291.0100.061.2018291160607.hdf,2018-10-18 01:00,61,87532,D,-141.169557646355,-36.2773555619816,-58.0199821955127,-179.469132743754,-141.168335661341,-178.765929277268,-179.478639370511,-152.141198764219,-52.6667768421202,-58.0173269295363,-39.7879720576765,-36.1370418786263
MYD03.A2018291.0105.061.2018291160347.hdf,2018-10-18 01:05,61,87532,D,-152.653810636429,-18.9371682291796,-40.1858174436549,178.269044641081,-152.650062483465,-179.591708780132,178.245617793355,-159.085076972119,-36.3513236401287,-40.2063955712141,-21.917091100482,-18.8585347100108
MYD03.A2018291.0110.061.2018291160021.hdf,2018-10-18 01:10,61,87532,D,-159.459616479026,-1.25759361259689,-22.1979139574525,175.171814094514,-159.454193301281,178.245986450247,175.155294623131,-163.899159382993,-19.0114307063015,-22.219285851113,-4.15090480746475,-1.22414871408902
MYD03.A2018291.0115.061.2018291155926.hdf,2018-10-18 01:15,61,87532,D,-164.119778794872,16.6245366238348,-4.2945569898483,171.041037915156,-164.113290862855,175.177534436806,171.006987083106,-167.577233684167,-1.32936787800662,-4.31343813994626,13.5632126900685,16.694922246464
MYD03.A2018291.0120.061.2018291160551.hdf,2018-10-18 01:20,61,87533,D,-167.608564128728,34.5710605477053,13.4971954291818,165.202238054312,-167.463205793209,171.056556192581,165.096271404644,-170.295070371247,16.5628871278531,13.4805700988788,31.037345531289,34.7680508003779
MYD03.A2018291.0125.061.2018291160322.hdf,2018-10-18 01:25,61,87533,D,-170.264114534673,52.4990211238286,30.9937651637162,155.780496090337,-169.927317419564,165.223769498652,155.555234129235,-172.022477183905,34.511100899059,30.9809055031037,47.8126395835839,52.8097950411566
MYD03.A2018291.0130.061.2018291155812.hdf,2018-10-18 01:30,61,87533,D,-171.297140136323,70.4159617302577,47.817914162607,136.990687508169,-171.387809618317,155.830076294154,136.57938465367,-171.291720832734,52.4190934995835,47.8101712512179,62.6990276298253,70.7317911490388
MYD03.A2018291.0135.061.2018291155946.hdf,2018-10-18 01:35,61,87533,B,-124.94159548306,88.3471961048434,62.8239093114205,93.893647148886,-170.203503014439,137.094807538364,93.8232079398382,-117.58069690885,70.2250791312356,62.8220832898915,70.9046963370753,87.3212924420175
MYD03.A2018291.0140.061.2018291160624.hdf,2018-10-18 01:40,61,87533,N,180,89.9914785936236,65.1310311745593,-180,-122.647790172812,94.1252462099752,46.6913974174135,-11.8587453553357,86.7293468502549,71.2308727210801,64.837363553925,73.1554132175094
MYD03.A2018291.0145.061.2018291155909.hdf,2018-10-18 01:45,61,87533,N,46.1804411432874,73.7709800757564,50.7888237490932,-12.1522292623683,-13.2161148830028,46.1822597263706,24.7815170879483,-10.3298945271693,73.6273563875346,65.1794475891001,50.6037268090803,55.3907928353713
MYD03.A2018291.0150.061.2018291155853.hdf,2018-10-18 01:50,61,87533,N,24.2396613252801,55.8564627629517,34.1750161381556,-11.8303966034891,-10.7999880350536,24.2410608789637,14.137736761027,-11.8435664321636,55.8658031102653,50.8565425652545,34.0698705346007,37.5680073402516
MYD03.A2018291.0155.061.2018291160705.hdf,2018-10-18 01:55,61,87533,N,13.7433924160145,37.9438121461974,16.68898777953,-14.3435490688546,-12.0697622884609,13.7478292768182,7.66362316430318,-14.3684657917866,37.9694061917533,34.2439566310705,16.6360961977359,19.6549363242677
MYD03.A2018291.0200.061.2018291155822.hdf,2018-10-18 02:00,61,87533,N,7.40758566593166,19.9159793673592,-1.05938136395672,-17.667398618552,-14.4823200364337,7.41320376902633,3.12603753182722,-17.6821266812078,19.9480053365305,16.7595492147664,-1.07117241893582,1.89617963957263
MYD03.A2018291.0205.061.2018291155759.hdf,2018-10-18 02:05,61,87533,N,3.04861736248517,2.02634472459579,-18.9404578785872,-22.0643873213639,-17.7364921961286,3.14456457386595,-0.228174390726441,-22.0710532370666,2.05597507374851,-0.998094240988431,-19.0241439507472,-15.7670176238162
MYD03.A2018291.0210.061.2018291155936.hdf,2018-10-18 02:10,61,87533,N,-0.209415534191844,-15.695397614298,-36.8382526873541,-28.3149274884642,-22.0503896403253,0.0608659292278773,-2.65692482463215,-28.3230478328286,-15.6785207846049,-18.888588040055,-37.0546510268527,-33.1184543254122
MYD03.A2018291.0215.061.2018291160142.hdf,2018-10-18 02:15,61,87533,N,-2.62483105343987,-33.0440248554379,-54.6754118893925,-38.5413877697905,-28.2897035524102,-2.17006382638224,-4.0009707346895,-38.6800284531288,-33.0314266961865,-36.7738713569358,-55.0033738864963,-49.6292343613165
MYD03.A2018291.0220.061.2018291160257.hdf,2018-10-18 02:20,61,87533,N,-2.15162791783553,-49.606790475086,-72.5080963588034,-59.2750790575813,-38.485270785638,-3.29274076761303,-2.0971096701194,-59.6145959377234,-49.599452314135,-54.58449939661,-72.7880064693844,-63.9254779345918
MYD03.A2018291.0225.061.2018291160821.hdf,2018-10-18 02:25,61,87533,B,180,-64.0308141378509,-89.9954711474084,-180,-59.1420615754589,-1.0617293990706,93.2016371099111,-104.601023959489,-64.0279332961009,-72.2478261881678,-87.2223027954191,-70.6229128616667
MYD03.A2018291.0230.061.2018291160625.hdf,2018-10-18 02:30,61,87533,D,-104.401022939345,-63.6279205437691,-89.7058983058379,82.2272052327778,-104.394218091647,81.5551958674849,155.519319466207,-148.379183643518,-70.9577396379874,-86.9491205835058,-71.2400636350094,-63.3256034220912
MYD03.A2018291.0235.061.2018291160531.hdf,2018-10-18 02:35,61,87533,D,-148.938155442507,-49.0805617027609,-71.8697852753606,155.2647728971,-148.936430809501,154.391809835226,156.806047897359,-168.529768114778,-63.6841299311825,-71.7226731837757,-53.5696905654021,-48.878542225082
MYD03.A2018291.0240.061.2018291160430.hdf,2018-10-18 02:40,61,87533,D,-169.136320785284,-32.4736701252754,-54.0333366130505,155.385908344311,-169.134492511596,156.518138059239,155.371438095686,-178.681416185485,-49.1510567506753,-54.0446443590845,-35.8136064308822,-32.3486623847943
MYD03.A2018291.0245.061.2018291160347.hdf,2018-10-18 02:45,61,87533,D,-179.16494223197,-15.0095579410526,-36.1871635822916,152.928498120896,-179.160778403203,155.290363118406,152.905013931891,174.981219011902,-32.5478612803771,-36.208831747856,-17.9393821878787,-14.9426141029404
MYD03.A2018291.0250.061.2018291160020.hdf,2018-10-18 02:50,61,87533,D,174.641216570311,2.73000319219462,-18.190896008516,149.631072778516,174.646917983379,152.920100898192,149.618531684874,170.478297172958,-15.0838166988387,-18.2115377955269,-0.187711033783758,2.75552117505022
MYD03.A2018291.0255.061.2018291155903.hdf,2018-10-18 02:55,61,87534,D,170.29559171761,20.636459711974,-0.300552874202667,145.200852199046,170.302256220277,149.637843767602,145.153355471913,166.991713589094,2.65823053702694,-0.31905790070778,17.5069621922548,20.7329274253232
MYD03.A2018291.0300.061.2018291155939.hdf,2018-10-18 03:00,61,87534,D,167.008863659169,38.5843261086646,17.4445923569807,138.796488440567,167.195066000497,145.218369950864,138.667358274049,164.50024402637,20.5760967928148,17.4287609144685,34.8710920703112,38.8085668239393
MYD03.A2018291.0305.061.2018291160339.hdf,2018-10-18 03:05,61,87534,D,164.534402415617,56.5019992991477,34.8383390071609,128.035236328661,164.918995410082,138.823391970536,127.774281056332,163.08114755743,38.5218117272404,34.8257295963739,51.3845549306644,56.832363028619
MYD03.A2018291.0310.061.2018291155954.hdf,2018-10-18 03:10,61,87534,D,165.19505858199,74.4254057232522,51.4074511717611,105.354128676857,163.791430484122,128.093652995448,104.929667922753,165.265190199138,56.4131636216178,51.4011445479227,65.43050975773,74.7060698658425
MYD03.A2018291.0315.061.2018291160414.hdf,2018-10-18 03:15,61,87534,B,180,89.9954229584061,65.5990217846867,-180,166.524602149196,105.487871327658,56.6686248993375,-66.8787062314093,74.1713760802787,65.5967822656514,70.8097413640396,86.3120352240146
MYD03.A2018291.0320.061.2018291160420.hdf,2018-10-18 03:20,61,87534,N,56.7412886181044,87.6927160742806,62.3081657364297,-73.0723768449769,-76.3570519702076,56.7431656867233,15.3496174464372,-35.4476847115734,86.455073531715,71.160636827405,62.0346082667348,69.2020812903015
MYD03.A2018291.0325.061.2018291160130.hdf,2018-10-18 03:25,61,87534,N,14.7765113995625,69.762666125512,47.1849456569688,-35.6233813805206,-36.6107404654757,14.7806737800841,-2.9209172039335,-35.2605477700749,69.6725610958436,62.361608871094,47.0235301492596,51.4120912934063
MYD03.A2018291.0330.061.2018291160059.hdf,2018-10-18 03:30,61,87534,N,-3.42335832228891,51.8557368727937,30.3298034366405,-37.0383208121847,-35.6522225854531,-3.42073671949034,-12.2676462055371,-37.0560098003872,51.8708507917412,47.2538090823415,30.2373039721953,33.5805887682171
MYD03.A2018291.0335.061.2018291155927.hdf,2018-10-18 03:35,61,87534,N,-12.63389245656,33.9323422398537,12.7393024521741,-39.7359439780655,-37.2525285463496,-12.6290689497231,-18.1960974394522,-39.7592797390705,33.9600669285391,30.3991373736504,12.6979697770114,15.674688417296
MYD03.A2018291.0340.061.2018291155958.hdf,2018-10-18 03:40,61,87534,N,-18.4081741485491,15.9070097220362,-5.05213102721102,-43.260036648663,-39.8546074806434,-18.4019850295989,-22.4357603797068,-43.2701965319181,15.9385596838053,12.810282181192,-5.05910819293053,-2.05676002997988
MYD03.A2018291.0345.061.2018291160138.hdf,2018-10-18 03:45,61,87534,N,-22.4834049456112,-1.95771237443412,-22.9460864257374,-47.9609488377974,-43.2944849656074,-22.3484562982658,-25.5675086308447,-47.9649035354078,-1.93261165800455,-4.99460909364323,-23.0600838249372,-19.6943248422606
MYD03.A2018291.0350.061.2018291160438.hdf,2018-10-18 03:50,61,87534,N,-25.5436158431255,-19.6226876265413,-40.835849229785,-54.8520524248511,-47.9438819502061,-25.2342016777494,-27.7983358991239,-54.8636553065454,-19.6082967092991,-22.8932180535942,-41.0815654488227,-36.9151437600607
MYD03.A2018291.0355.061.2018291160159.hdf,2018-10-18 03:55,61,87534,N,-27.7630388685847,-36.8420609283043,-58.6629390277897,-66.5823718452741,-54.822767302395,-27.2588950739365,-28.7531678608268,-66.7639295651865,-36.8305674043129,-40.7670727283396,-59.0019705391305,-53.1133179935043
MYD03.A2018291.0400.061.2018291160650.hdf,2018-10-18 04:00,61,87534,N,-24.86609606367,-53.1108805211067,-76.4991957890541,-91.6101575064154,-66.5148567991529,-27.9749630341596,-24.6927101863758,-91.9566494245989,-53.1049135623956,-58.5528297728757,-76.7137047911339,-66.4221586308805
MYD03.A2018291.0405.061.2018291161439.hdf,2018-10-18 04:05,61,87534,B,180,-66.5703549286601,-89.9975188486372,-180,-91.4461400206292,-23.5567586103651,111.963046594109,-141.304512437027,-66.5683790955609,-76.1482270634422,-84.5267319748089,-70.1206210338157
MYD03.A2018291.0410.061.2018291160322.hdf,2018-10-18 04:10,61,87534,D,-141.339296274745,-60.7054755838813,-85.7146569220887,108.736794983484,-141.336178445809,105.589368918617,131.626770964307,-179.124122797211,-70.4890426027994,-84.7823855496722,-67.3001421357284,-60.4274850512424
MYD03.A2018291.0415.061.2018291160159.hdf,2018-10-18 04:15,61,87534,D,-179.72624569831,-45.4707027552034,-67.878097543119,131.467574416711,-179.724684451781,130.813333351027,131.889598698236,163.944077884593,-60.7674198431181,-67.7908367784306,-49.6020888963925,-45.2879393585935
MYD03.A2018291.0420.061.2018291160117.hdf,2018-10-18 04:20,61,87534,D,163.359806098363,-28.6320816671609,-50.0473851194383,130.18979642791,163.362283744189,131.66639008721,130.171135345497,154.959436433643,-45.5419538004747,-50.0633780974212,-31.836263080806,-28.5217130117098
MYD03.A2018291.0425.061.2018291160127.hdf,2018-10-18 04:25,61,87534,D,154.507459067818,-11.0640709198661,-32.184260322311,127.544526657841,154.512049134394,130.120376598855,127.525077764844,149.137415687743,-28.7063996240675,-32.2063460160078,-13.9627643954714,-11.0076983055639
MYD03.A2018291.0430.061.2018291160246.hdf,2018-10-18 04:30,61,87534,D,148.831202915537,6.72516617176109,-14.1843864685925,124.033733004103,148.837152845278,127.549650687595,124.026164061858,144.908896278582,-11.1383432990879,-14.20398031932,3.76755770684167,6.7437304636679
MYD03.A2018291.0435.061.2018291160435.hdf,2018-10-18 04:35,61,87535,D,144.764205875819,24.6493491821784,3.68592218445008,119.264600869162,144.808166564672,124.041894171806,119.202821357784,141.642323986558,6.65799208170597,3.66779130215044,21.4319360737495,24.7753773589417
MYD03.A2018291.0440.061.2018291160557.hdf,2018-10-18 04:40,61,87535,D,141.667090914587,42.5946526199483,21.3736439230111,112.225769673919,141.894710577386,119.284157979807,112.032626069271,139.346752506483,24.5892956506206,21.3584771883139,38.663560739023,42.8446406175939
MYD03.A2018291.0445.061.2018291160041.hdf,2018-10-18 04:45,61,87535,D,139.382940324356,60.5065715664426,38.6491062338608,99.757278940927,139.793498799127,112.252186503873,99.4891161888404,138.281172765702,42.5284227429703,38.6415581408281,54.8618098236464,60.8486295324815
MYD03.A2018291.0450.061.2018291155944.hdf,2018-10-18 04:50,61,87535,D,142.910775556493,78.4337397366395,54.8953573575327,72.1767677818336,139.118215848293,99.8287591581836,71.7863036697673,143.139123639328,60.400057791887,54.8887350209215,67.7638065000523,78.6462167781904
MYD03.A2018291.0455.061.2018291160642.hdf,2018-10-18 04:55,61,87535,B,180,89.9926062810434,67.9658140903848,-180,144.603931499444,72.3369420079735,20.1447610099319,-71.0935753840077,78.0818406898293,67.9650831034202,69.8819051720359,82.7912878531927
MYD03.A2018291.0500.061.2018291160611.hdf,2018-10-18 05:00,61,87535,N,19.975565538123,83.6844654661355,59.2046310715876,-72.7702540278774,-75.4058411947431,19.977600765067,-14.8157307223822,-59.8598708116944,83.1508667579673,70.2560449854815,58.9626956932179,65.2270607262438
MYD03.A2018291.0505.061.2018291160037.hdf,2018-10-18 05:05,61,87535,N,-15.387979930709,65.7557734087972,43.5075861293806,-60.2832037443051,-60.6400116541634,-15.3864947916824,-30.2045841328202,-60.2796729028874,65.7115680544969,59.2634853104137,43.3616135348934,47.4228627304594
MYD03.A2018291.0510.061.2018291160034.hdf,2018-10-18 05:10,61,87535,N,-30.6873995276023,47.8531262999612,26.4550107144979,-62.2902021330911,-60.6097245272588,-30.6841898898444,-38.518452133224,-62.3110387007772,47.8720758181663,43.5773821637015,26.3758287760261,29.5932607810792
MYD03.A2018291.0515.061.2018291160501.hdf,2018-10-18 05:15,61,87535,N,-38.8498618221093,29.9199246571,8.86438680692128,-65.1473097613361,-62.4727081740077,-38.8446825604475,-43.9532300540746,-65.1692419263046,29.9488848308465,26.5247180361916,8.83235916042268,11.7854877094519
MYD03.A2018291.0520.061.2018291160458.hdf,2018-10-18 05:20,61,87535,N,-44.1312890746233,11.9908149282962,-9.04894377928419,-68.9059116540819,-65.2521472419442,-44.1249061738429,-47.9615504981274,-68.9119433079594,12.0221041316518,8.93764106381446,-9.05841881757098,-6.00759424775454
MYD03.A2018291.0525.061.2018291160029.hdf,2018-10-18 05:25,61,87535,N,-47.9699675573649,-5.93231049480326,-26.9490841176298,-73.9917613052677,-68.9458390629072,-47.8102133026734,-50.885178845419,-73.9988664818336,-5.90589277417577,-8.99240777562985,-27.0932721528306,-23.5923539286981
MYD03.A2018291.0530.061.2018291160136.hdf,2018-10-18 05:30,61,87535,N,-50.8587960522195,-23.5211031018489,-44.8285134069312,-81.6137023920229,-73.9704681402346,-50.4844355883177,-52.8767453350249,-81.6676555144708,-23.5042433548007,-26.8961534114089,-45.0973307878539,-40.654315802148
MYD03.A2018291.0535.061.2018291160659.hdf,2018-10-18 05:35,61,87535,N,-52.8405626737965,-40.5945075809086,-62.6512578481285,-95.2321380914907,-81.5789999120271,-52.2854581621595,-53.3244207733827,-95.4568367866164,-40.5841538155271,-44.7544698972453,-62.9891141329335,-56.4689478321244
MYD03.A2018291.0540.061.2018291160257.hdf,2018-10-18 05:40,61,87535,N,-45.479556211884,-56.4896550186995,-80.4875960972989,-125.507258245627,-95.1506828459153,-52.4476055465999,-44.9881233854865,-125.828138417503,-56.484891903928,-62.5116333761929,-80.578099388936,-68.4517388876755
MYD03.A2018291.0545.061.2018291160905.hdf,2018-10-18 05:45,61,87535,B,180,-68.6548002533062,-89.9976612304935,-180,-125.311417297722,-43.9259030815358,98.8780824494626,-177.025290435218,-68.6539411162698,-79.9878787305751,-80.8494906757971,-68.8636005161639
MYD03.A2018291.0550.061.2018291160900.hdf,2018-10-18 05:50,61,87535,D,-177.279422189015,-57.5490052156991,-81.7261631364226,97.7031901494681,-177.277304333943,95.4570997125733,107.254162026423,151.17615061288,-69.243200895252,-81.2354242216266,-63.3518378820173,-57.2939247031862
MYD03.A2018291.0555.061.2018291160811.hdf,2018-10-18 05:55,61,87535,D,150.556106043401,-41.792815076293,-63.8897350793825,106.883995277458,150.557515872344,106.705217389921,106.88545317581,136.781682922007,-57.6149933919576,-63.8474758546211,-45.6324206263512,-41.6281664411977
MYD03.A2018291.0600.061.2018291160504.hdf,2018-10-18 06:00,61,87535,D,136.223216067101,-24.7664780668153,-46.0611132904814,104.948536836777,136.226258832157,106.71382465566,104.927131646538,128.750324741099,-41.8645905715237,-46.079411577131,-27.8611179802221,-24.6673795624739
MYD03.A2018291.0605.061.2018291160252.hdf,2018-10-18 06:05,61,87535,D,128.319128356342,-7.19585197528406,-28.182103673703,102.135196581414,128.324327265029,104.900425816021,102.114225971417,123.381685220214,-24.8406997517597,-28.2052315159884,-10.0807904599995,-7.15099338409661
MYD03.A2018291.0610.061.2018291160209.hdf,2018-10-18 06:10,61,87535,D,123.117786273399,10.7232526340245,-10.2714022339129,98.3757241538049,123.123959688042,102.139440274491,98.3609340796651,119.379252575219,-7.2677671716647,-10.2908242787926,7.73048268590597,10.7568093530626
MYD03.A2018291.0615.061.2018291160104.hdf,2018-10-18 06:15,61,87536,D,119.280239540953,28.65968589404,7.66029115236676,93.2314011633938,119.365124397439,98.3852030845336,93.1414995615206,116.337449418257,10.6600543046891,7.6425197211267,25.3322271077759,28.8146312394506
MYD03.A2018291.0620.061.2018291160145.hdf,2018-10-18 06:20,61,87536,D,116.366421361727,46.5982503545306,25.2835427624753,85.4108142779211,116.61444758617,93.2525570521369,85.1648450144666,114.224016586359,28.5978529248009,25.269289074873,42.4087103179786,46.8743927697922
MYD03.A2018291.0625.061.2018291160628.hdf,2018-10-18 06:25,61,87536,D,114.262922679603,64.5096279391935,42.4094012468976,70.7717331461398,114.773510876245,85.4269996739324,70.5004786142338,113.738417936313,46.5289642852974,42.40272898314,58.1919802661378,64.8507364954891
MYD03.A2018291.0630.061.2018291160748.hdf,2018-10-18 06:30,61,87536,D,123.617036413755,82.438074551799,58.2354097267163,37.3243829703247,114.654016178487,70.8575219286776,37.0004557745236,124.340142218026,64.3759105270762,58.2309503806948,69.5457047421323,82.5084091156531
MYD03.A2018291.0635.061.2018291160902.hdf,2018-10-18 06:35,61,87536,B,180,89.9911645579126,68.5786867316525,-180,125.804998246558,37.5178710897826,-15.014789458314,-89.4261463680031,81.9103624006154,69.8052164122821,68.2474199745411,78.9517461622818
MYD03.A2018291.0640.061.2018291160635.hdf,2018-10-18 06:40,61,87536,N,-15.3722297894191,79.6805693847058,55.9109858678857,-90.1240545697042,-91.9552754048959,-15.3702105468831,-44.0340193649498,-84.4212220491921,79.3793077331284,68.6180985853801,55.6936559227378,61.2594517410089
MYD03.A2018291.0645.061.2018291160205.hdf,2018-10-18 06:45,61,87536,N,-44.600014923117,61.754288183769,39.7727550471486,-85.354950035015,-85.026389058374,-44.5986741029974,-57.1698662244164,-85.3597810243106,61.7388569900948,55.9731248685063,39.6444619354109,43.4408847865261
MYD03.A2018291.0650.061.2018291160317.hdf,2018-10-18 06:50,61,87536,N,-57.6186747824225,43.8528004480891,22.5604024156967,-87.5829065232372,-85.6489583433141,-57.6149654317401,-64.6271740597449,-87.6056410611752,43.8741899278832,39.8433781717818,22.493096439458,25.6142706788926
MYD03.A2018291.0655.061.2018291160142.hdf,2018-10-18 06:55,61,87536,N,-64.9251507355182,25.9143268917535,4.89938886818747,-90.6191261960795,-87.7448285129859,-64.9196519262495,-69.6605416821396,-90.6387848822429,25.9442925430273,22.6305372181154,4.87483822797829,7.82156915731555
MYD03.A2018291.0700.061.2018291160340.hdf,2018-10-18 07:00,61,87536,N,-69.8057607183336,7.99681505771571,-13.0385021802911,-94.6238412637352,-90.7125651399945,-69.7984863359814,-73.4439785018353,-94.6300854857954,8.02831215409562,4.97268364283297,-13.0778334334299,-9.96082111571805
MYD03.A2018291.0705.061.2018291160353.hdf,2018-10-18 07:05,61,87536,N,-73.4345435151576,-9.88556519333764,-30.945288878862,-100.126020356598,-94.6411968878769,-73.1865354342566,-76.1157226231453,-100.133352725516,-9.85886326230229,-12.9897899306453,-31.1154974002047,-27.4614915234549
MYD03.A2018291.0710.061.2018291160659.hdf,2018-10-18 07:10,61,87536,N,-76.0841296573336,-27.3904687010892,-48.8080544769985,-108.644832348047,-100.102651725098,-75.6917230189547,-77.8872379433834,-108.730051683329,-27.3764631787704,-30.8878765241559,-49.1043838155975,-44.3340428324376
MYD03.A2018291.0715.061.2018291160416.hdf,2018-10-18 07:15,61,87536,N,-77.6209623269303,-44.2855411715248,-66.6320148779976,-124.645223077053,-108.60379340781,-77.2406084649187,-77.6338193582119,-124.916324128153,-44.2763393747092,-48.7281360587706,-66.9568302804022,-59.6527467760168
MYD03.A2018291.0720.061.2018291160753.hdf,2018-10-18 07:20,61,87536,B,-60.3597005835226,-59.7026938941575,-84.4682321038071,-160.968277089703,-124.546733137918,-76.653921154782,-58.7213023401438,-161.196955452622,-59.6991536158402,-66.4518598026181,-84.2658850190394,-69.878771859389
MYD03.A2018291.0725.061.2018291161610.hdf,2018-10-18 07:25,61,87536,D,180,-67.308653469141,-89.9978189830689,-180,-160.740945384717,-58.3144183826145,78.6079707917365,148.731825652777,-70.1388128502217,-83.6472674256738,-77.0013363091375,-66.9766179461888
MYD03.A2018291.0730.061.2018291160632.hdf,2018-10-18 07:30,61,87536,D,148.308636919573,-54.2234138846081,-77.7448640101264,78.0215086679001,148.310580223202,76.5373096810322,82.6974483326315,122.29980485548,-67.3541608732805,-77.448565956723,-59.4048527167984,-53.9907865215803
MYD03.A2018291.0735.061.2018291160425.hdf,2018-10-18 07:35,61,87536,D,121.680451009839,-38.0635974117606,-59.9083384600843,81.8234155844934,121.681728864272,82.2800969474377,81.8169325800286,109.910695354533,-54.2923390056825,-59.8951796847713,-41.6691286490118,-37.9161444727267
MYD03.A2018291.0740.061.2018291160718.hdf,2018-10-18 07:40,61,87536,D,109.380938353728,-20.8759726698974,-42.0764727329196,79.6678763550516,109.384477962395,81.6854126407537,79.6448943462673,102.666415298569,-38.1358372815174,-42.0963870191711,-23.8906847295816,-20.7920182662654
MYD03.A2018291.0745.061.2018291160451.hdf,2018-10-18 07:45,61,87536,D,102.279043168077,-3.2318368559649,-24.1840705941396,76.6666806569677,102.284324332651,79.6357310512293,76.6485250306342,97.6872077999039,-20.9503965390275,-24.205879386239,-6.11942592018188,-3.19436803155272
MYD03.A2018291.0750.061.2018291160245.hdf,2018-10-18 07:50,61,87536,D,97.449169844669,14.7217019494881,-6.27835542798723,72.6529463525283,97.4555560927048,76.6720321435088,72.625395146439,93.8922851058713,-3.303741639948,-6.29753064854625,11.6865185220431,14.7802057582934
MYD03.A2018291.0755.061.2018291173334.hdf,2018-10-18 07:55,61,87537,D,93.8404636994222,32.6596609093768,11.619132291626,67.0838238620184,93.8696747045588,72.6636161005497,66.9529842914534,90.960849199601,14.6517872542209,11.6020530272169,29.2033683753187,32.8431910602747
MYD03.A2018291.0800.061.2018291173336.hdf,2018-10-18 08:00,61,87537,D,90.9940445211472,50.5950040046397,29.1682237338719,58.1819134727882,91.3724108538426,67.1102516682678,58.007454218929,89.1636659712711,32.6024861542098,29.1472518726422,46.0974703245549,50.8894901488026
MYD03.A2018291.0805.061.2018291173351.hdf,2018-10-18 08:05,61,87537,D,89.4875758140616,68.5091951085317,46.0839082788886,40.9193442645148,89.8194608916831,58.2250530028738,40.5343982284624,89.4764242575421,50.5213543620986,46.0717760200325,61.2913808079896,68.8313448818853
MYD03.A2018291.0810.061.2018291173320.hdf,2018-10-18 08:10,61,87537,B,114.950617434295,86.4381519160005,61.3962236306336,0.944085237872996,90.5010737408048,41.0234731665102,0.775457529437891,118.120498565483,68.3374197316156,61.3936395439827,70.6518048421689,86.0752026292309
MYD03.A2018291.0815.061.2018291173557.hdf,2018-10-18 08:15,61,87537,N,180,89.9892939516916,66.3706824860402,-180,118.066664903407,1.1637448358201,-48.5387460806267,-111.507313393763,85.4342418151624,70.9575980837595,66.0450264456204,75.0344927023527
MYD03.A2018291.0820.061.2018291173206.hdf,2018-10-18 08:20,61,87537,N,-49.0568758342028,75.6816753892592,52.4756841721145,-111.900060538886,-113.093480769469,-49.0549717943187,-72.5515506144742,-109.149374595509,75.5031341117675,66.4193515148819,52.2889024837826,57.286399713162
MYD03.A2018291.0825.061.2018291173237.hdf,2018-10-18 08:25,61,87537,N,-73.0757970659667,57.7603776250548,35.9957986186222,-110.446767967984,-109.593649257671,-73.0726547555655,-83.8799006934934,-110.457916911617,57.7643568171737,52.5394800219853,35.8832854923043,39.4651406513179
MYD03.A2018291.0830.061.2018291173302.hdf,2018-10-18 08:30,61,87537,N,-84.296147019195,39.853719394278,18.6496922796748,-112.914585265907,-110.753192975449,-84.2909292929064,-90.6277977058162,-112.937883343166,39.8757928225721,36.0667096191571,18.5940923297524,21.6448383936928
MYD03.A2018291.0835.061.2018291173326.hdf,2018-10-18 08:35,61,87537,N,-90.8878819958445,21.9144417876567,0.928841427809841,-116.136578850386,-113.057904840946,-90.8822048174907,-95.3088121198444,-116.153134966242,21.9454063160824,18.7202032450702,0.91230142642806,3.86885017036205
MYD03.A2018291.0840.061.2018291173324.hdf,2018-10-18 08:40,61,87537,N,-95.4138949874981,4.01380552452232,-17.0342072529953,-120.408886774715,-116.21330418954,-95.3329451325926,-98.8035696536505,-120.415377895747,4.0440933502316,0.991459079691032,-17.104148095104,-13.8962665772218
MYD03.A2018291.0845.061.2018291173323.hdf,2018-10-18 08:45,61,87537,N,-98.7907663762519,-13.8209894293755,-34.9336960739701,-126.399187164663,-120.407608853496,-98.5401259354657,-101.327165247168,-126.406736479936,-13.8020357147763,-16.980865606459,-35.1366470691224,-31.2981273903569
MYD03.A2018291.0850.061.2018291173413.hdf,2018-10-18 08:50,61,87537,N,-101.291581632535,-31.2272961014536,-52.7796142508701,-136.011757118781,-126.372775232055,-100.856396434832,-102.816359508757,-136.132894247466,-31.214296260507,-34.8726741005005,-53.0991833101967,-47.941234976611
MYD03.A2018291.0855.061.2018291173513.hdf,2018-10-18 08:55,61,87537,N,-101.554891673007,-47.9069487746391,-70.6096834050988,-155.036682690637,-135.963088349071,-102.108638438722,-101.529399619516,-155.35195543702,-47.8989977713564,-52.6927953567492,-70.9073692629718,-62.6139678785647
MYD03.A2018291.0900.061.2018291173804.hdf,2018-10-18 09:00,61,87537,B,-51.6944826425747,-62.7007174968985,-88.4460805394821,162.37057404005,-154.916658780201,-100.541974990073,-44.2934375117703,162.308684854788,-62.6983729641023,-70.3793761844984,-87.1077217972324,-70.5764316774974
MYD03.A2018291.0905.061.2018291174056.hdf,2018-10-18 09:05,61,87537,D,180,-64.9105688835899,-89.9968638708992,-180,162.61770711467,-50.2895042025593,56.0455496343641,116.025212957519,-70.8953255222675,-86.5637898166566,-73.1053543623045,-64.6031846319794
MYD03.A2018291.0910.061.2018291173540.hdf,2018-10-18 09:10,61,87537,D,115.501317665042,-50.7676888612967,-73.7659963117259,55.7072258924415,115.50311988211,54.649185942912,57.965361112233,94.0672752208273,-64.9645065904329,-73.5793144206461,-55.4554710800115,-50.5561025504434
MYD03.A2018291.0915.061.2018291173435.hdf,2018-10-18 09:15,61,87537,D,93.4600833926764,-34.289291859008,-55.9306556702085,56.7061950123284,93.4615220958103,57.6445936818227,56.6939349926172,83.2759008216503,-50.8384359784245,-55.9363056739299,-37.7052100092434,-34.1575688737293
MYD03.A2018291.0920.061.2018291173451.hdf,2018-10-18 09:20,61,87537,D,82.7752131208871,-16.9676120737601,-38.0891662902838,54.350438607115,82.7792186250998,56.5971920482587,54.3269384604398,76.6875225106694,-34.361561010233,-38.1102773099486,-19.9216833284051,-16.895650904657
MYD03.A2018291.0925.061.2018291173544.hdf,2018-10-18 09:25,61,87537,D,76.3338328714562,0.741875692465916,-20.1864477855837,51.1540121559402,76.3394192484187,54.3331080541328,51.1393750724903,72.0391415811952,-17.0420461125442,-20.2076420334017,-2.16236628803411,0.771011537648798
MYD03.A2018291.0930.061.2018291173654.hdf,2018-10-18 09:30,61,87537,D,71.8390284544185,18.7233612334453,-2.29041863537461,46.8733768711131,71.845603360794,51.1609040485696,46.8162853616577,68.4440107949426,0.670032928027085,-2.30910184136992,15.6289285843576,18.8075772591511
MYD03.A2018291.0935.061.2018291173658.hdf,2018-10-18 09:35,61,87538,D,68.4383670128512,36.6709148258328,15.5684842124477,40.7419617210366,68.5963316231142,46.8852047364201,40.6310663502926,65.8355012584614,18.6642025284491,15.5538183514354,33.0509232069241,36.8839884200541
MYD03.A2018291.0940.061.2018291173653.hdf,2018-10-18 09:40,61,87538,D,65.8718733621579,54.5904420206913,33.009789876506,30.6527261647776,66.2406042866934,40.7701083654461,30.4193170150632,64.2760457370333,36.6071828124368,32.997991426483,49.6958179592498,54.9122984326471
MYD03.A2018291.0945.061.2018291173802.hdf,2018-10-18 09:45,61,87538,D,65.6432089737982,72.511469225063,49.7059532987666,9.92926695852859,64.9451799302277,30.7005724559364,9.52013291513572,65.6763195882661,54.5098242066195,49.6989492526538,64.1674539780362,72.8118043279779
MYD03.A2018291.0950.061.2018291174035.hdf,2018-10-18 09:50,61,87538,B,180,89.9909835758908,64.3086943441009,-180,66.8539757638537,10.055812792016,-36.2886209823909,165.356097380984,72.2870983863397,64.3070345214931,70.953257955247,87.4371377451311
MYD03.A2018291.0955.061.2018292160835.hdf,2018-10-18 09:55,61,87538,N,-36.1192128301016,89.6057041355465,63.6917305410725,153.90425073665,152.569856938822,-36.1174745427096,-80.6311006490327,-134.880287519691,87.1941246272341,71.3609763897132,63.4539715277137,71.0823006884471
MYD03.A2018291.1000.061.2018292160531.hdf,2018-10-18 10:00,61,87538,N,-81.0780334116075,71.6796264342265,48.9218486539863,-135.121477146361,-136.044806628126,-81.0763036333437,-100.434046482708,-134.042045511923,71.5692077201249,63.7472864088721,48.744926638464,53.3120459812122
MYD03.A2018291.1005.061.2018292160546.hdf,2018-10-18 10:05,61,87538,N,-100.966261436796,53.7650898486854,32.1760196740479,-135.686448062335,-134.462428775774,-100.964266440925,-110.374260615231,-135.702177108277,53.77882770321,48.9874162781007,32.074756375723,35.4845617903888
MYD03.A2018291.1010.061.2018292160543.hdf,2018-10-18 10:10,61,87538,N,-110.768450422711,35.8514892269332,14.7152104880177,-138.282649569856,-135.907494102898,-110.765701726292,-116.540896856273,-138.306449135401,35.8795722395414,32.2473621253308,14.6725821404746,17.6640497846268
MYD03.A2018291.1015.061.2018292160531.hdf,2018-10-18 10:15,61,87538,N,-116.751920420127,17.9106998816889,-3.05460486629192,-141.701853960185,-138.409048251882,-116.745875604215,-120.901357823297,-141.714421951266,17.9419726559222,14.7860729941135,-3.06477910069785,-0.0818198298286921
MYD03.A2018291.1020.061.2018292160555.hdf,2018-10-18 10:20,61,87538,N,-120.969804172745,0.0327692787986961,-21.032621817886,-146.278225369448,-141.763816752247,-120.84971739641,-124.161425967948,-146.284952877575,0.0616737910329298,-2.99606869611397,-21.1334938916693,-17.8204897642773
MYD03.A2018291.1025.061.2018292160539.hdf,2018-10-18 10:25,61,87538,N,-124.143518363222,-17.7452970006751,-38.9252932671896,-152.844063323601,-146.264324041336,-123.852998812226,-126.491768474487,-152.861683850533,-17.7291344383141,-20.9788895255099,-39.1563757967124,-35.102803813368
MYD03.A2018291.1030.061.2018292160544.hdf,2018-10-18 10:30,61,87538,N,-126.452418947727,-35.0351053876457,-56.7580608840298,-163.810584939877,-152.813789797779,-125.970808737001,-127.634756969106,-163.970811399413,-35.0231914848639,-38.8600646300213,-57.0930148910807,-51.4657957375138
MYD03.A2018291.1035.061.2018292160756.hdf,2018-10-18 10:35,61,87538,N,-124.799088613707,-51.4488212006419,-74.5922152398256,173.32524738101,-163.751686493557,-126.862686066304,-124.69301966357,172.982379102186,-51.4421622299985,-56.6563834916149,-74.8403625530049,-65.2790200004509
MYD03.A2018291.1040.061.2018292161214.hdf,2018-10-18 10:40,61,87538,B,180,-65.4089741433773,-89.9940079533764,-180,173.471788255571,-123.622294738174,-0.422158281010936,125.461522856304,-65.4075736559253,-74.28771779128,-86.0673339815876,-70.4630314193196
MYD03.A2018291.1045.061.2018292161051.hdf,2018-10-18 10:45,61,87538,D,125.523274841073,-62.1355582791623,-87.6224263502395,-6.52263270305563,125.525125292135,-10.1578532021039,32.3206450347401,84.6363259636214,-70.8713011739313,-86.1397835016001,-69.1729861673631,-61.8838596302573
MYD03.A2018291.1050.061.2018292160856.hdf,2018-10-18 10:50,61,87538,D,84.1305730415977,-47.2058123965373,-69.7837858862175,32.1028069023958,84.1322109064869,31.454948814937,33.1043759112786,66.3449278740132,-62.1954025475493,-69.674093816191,-51.4946334235356,-47.0140935560598
MYD03.A2018291.1055.061.2018292160743.hdf,2018-10-18 10:55,61,87538,D,65.7563889831851,-30.4727067375088,-51.9529759388306,31.5375727397389,65.7585138955462,32.8573856438115,31.520691598968,56.8390582034824,-47.2778906113051,-51.9674084655361,-33.7375395983095,-30.3556863405935
MYD03.A2018291.1100.061.2018292160738.hdf,2018-10-18 11:00,61,87538,D,56.3678808612889,-13.0382991612289,-34.0966361330596,29.0014837704932,56.3722938827668,31.4678379889168,28.981210415877,50.8027049201122,-30.5450803101048,-34.1179023609069,-15.951239621328,-12.9772451936694
MYD03.A2018291.1105.061.2018292160721.hdf,2018-10-18 11:05,61,87538,D,50.4825331282244,4.72539054218508,-16.1864565392318,25.5998232633385,50.4883712780197,28.9996202715155,25.589438877352,46.4445760855682,-13.1126600732607,-16.2056816520581,1.79033669597692,4.74793078913977
MYD03.A2018291.1110.061.2018292160728.hdf,2018-10-18 11:10,61,87539,D,46.2762166244164,22.7276289375572,1.69428536667881,20.9840368086922,46.2901062639511,25.6068866254929,20.9271752026825,43.0346421591916,4.6545102844874,1.67647898632384,19.5590877867928,22.840662372096
MYD03.A2018291.1115.061.2018292160732.hdf,2018-10-18 11:15,61,87539,D,43.0540725283864,40.675491820356,19.4993782604373,14.2257032478919,43.2367399595692,20.9972842710086,14.0971940942455,40.6073274399241,22.6686707799651,19.4829635204227,36.857645649183,40.9131702124478
MYD03.A2018291.1120.061.2018292160708.hdf,2018-10-18 11:20,61,87539,D,40.6588540151904,58.5898649640557,36.8234650550692,2.6422837297106,41.1096226267885,14.2607382260261,2.35736501793779,39.4382674031893,40.6109600456297,36.8074980096322,53.2041866929257,58.9200451889336
MYD03.A2018291.1125.061.2018292160734.hdf,2018-10-18 11:25,61,87539,D,42.6406878165411,76.5165519854499,53.2382526037441,-22.4648712541016,40.1879292197976,2.70045714541635,-22.8809186607393,42.7744041811877,58.4957568863496,53.2321398485412,66.6987208941982,76.7675564748082
MYD03.A2018291.1130.061.2018292161110.hdf,2018-10-18 11:30,61,87539,B,180,89.9937478301632,66.8873859310172,-180,44.1494474564276,-22.3110717232391,-73.226054693222,-176.431903864689,76.2148123132388,66.8866397005205,70.4207080221796,84.5568299777038
MYD03.A2018291.1135.061.2018292160720.hdf,2018-10-18 11:35,61,87539,N,-73.2972845776119,85.6002100737676,60.7160196454557,-179.285176271633,177.461001027587,-73.2951548005513,-111.246627920499,-158.892809518286,84.8424691057376,70.80027815589,60.4689750231567,67.1257177634243
MYD03.A2018291.1140.061.2018292160723.hdf,2018-10-18 11:40,61,87539,N,-111.803176594309,67.6748389402233,45.2761239641762,-159.038655991201,-159.804136884542,-111.801336820062,-127.910162750954,-159.015642416074,67.6120828250908,60.7767088420409,45.1231186222613,49.3314267880836
MYD03.A2018291.1145.061.2018292160633.hdf,2018-10-18 11:45,61,87539,N,-128.398075388316,49.7666127492678,28.3115724354616,-160.914139581708,-159.368001299239,-128.395054580946,-136.687224561909,-160.933660116931,49.7835761416634,45.3429788428013,28.2259335839796,31.4996676678576
MYD03.A2018291.1150.061.2018292160705.hdf,2018-10-18 11:50,61,87539,N,-137.03963089128,31.8417351103069,10.762044516083,-163.690051990004,-161.111060810669,-137.034681513131,-142.341982357687,-163.712743502317,31.8699450037342,28.3832216699062,10.7254616160232,13.6890347113111
MYD03.A2018291.1155.061.2018292160615.hdf,2018-10-18 11:55,61,87539,N,-142.535217706155,13.9051761801098,-7.04853897799797,-167.322286915317,-163.801455367095,-142.528899312672,-146.448031826204,-167.329876242494,13.9367017463408,10.833192174857,-7.05283103516048,-4.0281335466014
MYD03.A2018291.1200.061.2018292160635.hdf,2018-10-18 12:00,61,87539,N,-146.476735304704,-3.94416457702072,-25.0360071926335,-172.242618996265,-167.367457326351,-146.316353432571,-149.478790407129,-172.249572213162,-3.91721485041057,-6.99318788164795,-25.167477191139,-21.730551544501
MYD03.A2018291.1205.061.2018292160632.hdf,2018-10-18 12:05,61,87539,N,-149.456203515473,-21.6554755236772,-42.9185474371664,-179.493067468554,-172.226464602575,-149.124779448749,-151.602696462982,-179.535353038841,-21.640173479826,-24.9809207318038,-43.1769781048299,-38.8678158084253
MYD03.A2018291.1210.061.2018292160654.hdf,2018-10-18 12:10,61,87539,N,-151.561536917165,-38.8080517053447,-60.7438342438317,167.848954168577,-179.457935311639,-151.029592952422,-152.303061682326,167.645829426179,-38.7973150335262,-42.8483751137084,-61.0835588798566,-54.8843280052128
MYD03.A2018291.1215.061.2018292160913.hdf,2018-10-18 12:15,61,87539,N,-146.746411520817,-54.8884590498602,-78.5798543260927,140.244523058856,167.920066813728,-151.493494328518,-146.451021462941,139.861053765247,-54.8831128108709,-60.618768917869,-78.7411908919237,-67.5447433797313
MYD03.A2018291.1220.061.2018292161518.hdf,2018-10-18 12:20,61,87539,B,180,-67.7527060807271,-89.9976081277138,-180,140.418011231527,-145.178317266474,-4.22216751570108,89.1578086884891,-67.7520093404733,-78.1559004030746,-82.6370758271708,-69.5839598885683
MYD03.A2018291.1225.061.2018292161007.hdf,2018-10-18 12:25,61,87539,D,88.9931639259651,-59.082944408904,-83.635051776608,-6.01124749122239,88.9951678573678,-8.60512267220181,8.21608100172731,54.4823706524091,-69.9754699801562,-82.9916442787172,-65.2327631021104,-58.8473149363091
MYD03.A2018291.1230.061.2018292160930.hdf,2018-10-18 12:30,61,87539,D,53.938208676935,-43.5593001164334,-65.7960730379628,8.0740133567858,53.9396884556957,7.57520998507391,8.14433075098792,39.0214665101373,-59.1469727872827,-65.7357696619233,-47.5297748343321,-43.3861025873216
MYD03.A2018291.1235.061.2018292160817.hdf,2018-10-18 12:35,61,87539,D,38.4566166268829,-26.6269552589676,-47.9694249412228,6.32158861759908,38.4593591850695,7.95573322091807,6.30134107336983,30.562911785853,-43.632197918036,-47.9865833325262,-29.7638302351076,-26.5157314940068
MYD03.A2018291.1240.061.2018292160803.hdf,2018-10-18 12:40,61,87539,D,30.0875473094013,-9.09198201987047,-30.096012125663,3.59072150783525,30.0911289838588,6.25942791523786,3.56863427923672,24.9640537413873,-26.6989052296317,-30.1213612009122,-11.9771249134451,-9.04309732814531
MYD03.A2018291.1245.061.2018292160752.hdf,2018-10-18 12:45,61,87539,D,24.6897586492803,8.72121844667629,-12.1848680756178,-0.0311051115486995,24.6952780304273,3.59896650011112,-0.0428096506065758,20.8744972691011,-9.1659686159672,-12.2062346893776,5.74404337721542,8.7387194546794
MYD03.A2018291.1250.061.2018292160821.hdf,2018-10-18 12:50,61,87540,D,20.7610788120502,26.740536897561,5.67301930558838,-5.00750396556463,20.827967734303,-0.0227626405951421,-5.08488447708211,17.7133609112317,8.65647674840444,5.65424718181945,23.470316620798,26.8819808967065
MYD03.A2018291.1255.061.2018292160758.hdf,2018-10-18 12:55,61,87540,D,17.7369809904656,44.6854143593406,23.416660648305,-12.5026091573526,17.9752372340035,-4.9910350416731,-12.6608007040155,15.5021279207799,26.6825794246695,23.4014497677067,40.6253703349618,44.9486944310653
MYD03.A2018291.1300.061.2018292160848.hdf,2018-10-18 13:00,61,87540,D,15.5496589246352,62.5956447968559,40.6023829882612,-25.9806717937927,16.0274846342961,-12.4645303869876,-26.3080678282157,14.7454977244994,44.6154920976055,40.5907578116497,56.5973226600126,62.933823179399
MYD03.A2018291.1305.061.2018292160935.hdf,2018-10-18 13:05,61,87540,D,21.5093353791515,80.5255849292677,56.6559100155968,-56.5112445239092,15.6024644865571,-25.9091718876917,-56.8808366696165,21.9168645219504,62.4794283193556,56.6506637460572,68.7650289496565,80.6804728657296
MYD03.A2018291.1310.061.2018292161122.hdf,2018-10-18 13:10,61,87540,B,180,89.9937880636321,69.003639980354,-180,23.5019534012576,-56.3249923869326,-109.111625080674,169.318592713755,80.0931836325723,69.0029263826738,69.1098104203566,80.8006775877555
MYD03.A2018291.1315.061.2018292160715.hdf,2018-10-18 13:15,61,87540,N,-109.389128932604,81.5912710826448,57.5039715668447,168.305865928127,166.24875150841,-109.387084246385,-140.874311602455,176.666040617389,81.2068484508078,69.4822501295699,57.2762722211004,63.1534702822771
MYD03.A2018291.1320.061.2018292160717.hdf,2018-10-18 13:20,61,87540,N,-141.446136540545,63.6668229509459,41.563004170351,175.934860767365,175.964486261232,-141.444729243925,-155.021858382843,175.933708340754,63.6389059101479,57.5675735283266,41.4264542158417,45.3430096687999
MYD03.A2018291.1325.061.2018292160813.hdf,2018-10-18 13:25,61,87540,N,-155.482970975056,45.7612062700026,24.4208095413737,173.81621295889,175.635723813813,-155.479420524281,-162.864365212637,173.794171850854,45.7815894491552,41.6307131563167,24.347756227693,27.5114614086027
MYD03.A2018291.1330.061.2018292160719.hdf,2018-10-18 13:30,61,87540,N,-163.182562384892,27.8276765880876,6.79272592257096,170.860767199542,173.640687200655,-163.177266486845,-168.087102853786,170.839907189589,27.8573121471412,24.492731572337,6.76485051091712,9.713574539892
MYD03.A2018291.1335.061.2018292160737.hdf,2018-10-18 13:35,61,87540,N,-168.243849892103,9.89987895543764,-11.05024201753,166.997114787058,170.764400382556,-168.225706192451,-171.941008181696,166.990945128742,9.93119612797915,6.86219472170943,-11.0728969774426,-7.98912234818755
MYD03.A2018291.1340.061.2018292160728.hdf,2018-10-18 13:40,61,87540,N,-171.936463295459,-7.91386188865165,-28.9527364826496,161.710847858407,166.969078677553,-171.742742309459,-174.745081108156,161.703633391891,-7.88949557862011,-10.9961159070631,-29.1121844535005,-25.5339891307808
MYD03.A2018291.1345.061.2018292160755.hdf,2018-10-18 13:45,61,87540,N,-174.7148720517,-25.4628214357513,-46.9110216011053,153.606877705634,161.732495347873,-174.337318522225,-176.650296652384,153.541972945972,-25.4484031967977,-28.897196603176,-47.1961105595429,-42.5863950249321
MYD03.A2018291.1350.061.2018292160817.hdf,2018-10-18 13:50,61,87540,N,-176.607470527202,-42.5348468754174,-64.7347016197865,138.814299109786,153.64754879323,-176.022351205276,-176.75423091442,138.566152192558,-42.5251805188346,-46.8352988945446,-65.0670630488977,-58.1594423278227
MYD03.A2018291.1355.061.2018292160958.hdf,2018-10-18 13:55,61,87540,N,-165.122802548499,-58.1897347082857,-82.5708012944236,105.502654342662,138.901619270929,-175.815611923198,-164.235297395964,105.170819787701,-58.1856333692072,-64.5738793274398,-82.5423487657678,-69.2773662829295
MYD03.A2018291.1400.061.2018292161535.hdf,2018-10-18 14:00,61,87540,B,180,-68.3238601783188,-89.9952818371207,-180,105.709313489966,-163.062411510845,-22.1917101495249,54.1284125849275,-69.5607951363876,-81.9169967748033,-78.8310129609146,-67.9886250642595
MYD03.A2018291.1405.061.2018292161115.hdf,2018-10-18 14:05,61,87540,D,53.79298024381,-55.8257967627007,-79.6441917547153,-22.9902228078202,53.7949714433536,-24.5339063434021,-16.2247893770469,25.2460773146512,-68.3625402944172,-79.282426547979,-61.2789812383055,-55.606920547271
MYD03.A2018291.1410.061.2018292160941.hdf,2018-10-18 14:10,61,87540,D,24.6842797687758,-39.8463608340055,-61.8054898626605,-16.8896503490672,24.685618012924,-16.7103373227842,-16.8926739785284,12.0186350298142,-55.8929498911424,-61.7800741210924,-43.5588439740127,-39.690756676735
MYD03.A2018291.1415.061.2018292160841.hdf,2018-10-18 14:15,61,87540,D,11.4806439609709,-22.7332193959815,-43.97778016385,-18.9388421855618,11.483938084176,-17.0356157262375,-18.9613006053439,4.42135172481891,-39.9199310760489,-43.9969183654729,-25.7846348486283,-22.6429813937184
MYD03.A2018291.1420.061.2018292160831.hdf,2018-10-18 14:20,61,87540,D,4.0127904422934,-5.12102266216176,-26.0902758063312,-21.8550333593512,4.01790966571908,-18.9824340539101,-21.8745135810943,-0.738349248263276,-22.8055367858566,-26.1123103434545,-8.0071781080666,-5.07932321628602
MYD03.A2018291.1425.061.2018292160858.hdf,2018-10-18 14:25,61,87540,D,-0.989901170675666,12.7265805154334,-8.18154791068856,-25.7197752493525,-0.98359781091251,-21.8459447373385,-25.7430535576039,-4.61304653239773,-5.19525773463676,-8.20069129567311,9.71459145984958,12.7728535889234
MYD03.A2018291.1430.061.2018292160842.hdf,2018-10-18 14:30,61,87541,D,-4.69919635462394,30.6659914334329,9.64614491932121,-31.0921209792068,-4.62764030912031,-25.7098392764937,-31.1805266796308,-7.59526207374306,12.6614785149953,9.62816368529101,27.2775392242916,30.8358142093077
MYD03.A2018291.1435.061.2018292160908.hdf,2018-10-18 14:35,61,87541,D,-7.56183596745716,48.6937763328973,27.2276931298817,-39.505753372192,-7.22445123248974,-31.0673629686862,-39.6980093946077,-9.53336238232592,30.6090449999894,27.2104752381111,44.3415757108544,48.9794635409353
MYD03.A2018291.1440.061.2018292160859.hdf,2018-10-18 14:40,61,87541,D,-9.49020576145807,66.6049680438759,44.3323425249516,-55.3954817210239,-8.96573603580766,-39.4625833943821,-55.7628234950837,-9.67675255356266,48.6187638059546,44.3234207161655,59.8295908873144,66.9385624912042
MYD03.A2018291.1445.061.2018292161048.hdf,2018-10-18 14:45,61,87541,B,5.83904986122682,84.5364340788976,59.9167751323388,-92.2323271015344,-8.72575724347262,-55.3088501792551,-92.4857281269856,7.30494164515793,66.4565328299647,59.9132633453058,70.2160126563939,84.4562156998034
MYD03.A2018291.1450.061.2018292161309.hdf,2018-10-18 14:50,61,87541,N,180,89.9964671778604,67.4822469538421,-180,8.64090264915447,-92.016722000579,-143.444905905446,148.578216940432,83.8241760809983,70.5063136863179,67.1553319896081,76.9014685894724
MYD03.A2018291.1455.061.2018292160813.hdf,2018-10-18 14:55,61,87541,N,-143.889313164981,77.5807487045799,54.1206650141713,148.081504006858,146.676848858736,-143.881943067955,-169.704725305475,152.006373566224,77.3544343895798,67.5216948927921,53.918856722007,59.1724545260068
MYD03.A2018291.1500.061.2018292160837.hdf,2018-10-18 15:00,61,87541,N,-170.256556982095,59.6589759395372,37.7944561001946,150.826679688601,151.437862387316,-170.255221743435,178.149819992166,150.818408909974,59.6542547968457,54.1868999484855,37.6740566452952,41.3542422682979
MYD03.A2018291.1505.061.2018292160821.hdf,2018-10-18 15:05,61,87541,N,177.720191903008,41.7513507242689,20.5057785752027,148.504963841817,150.564656591921,177.724217749839,171.08164037474,148.481552033481,41.7744938211586,37.8628467150355,20.4444762430371,23.5233145552002
MYD03.A2018291.1510.061.2018292160831.hdf,2018-10-18 15:10,61,87541,N,170.798457442951,23.8128896550818,2.81230739352375,145.365776157512,148.348227207762,170.804065266577,166.233225090915,145.347629887109,23.8435150645465,20.578077048157,2.79229245743329,5.74313915194385
MYD03.A2018291.1515.061.2018292160928.hdf,2018-10-18 15:15,61,87541,N,166.113658516225,5.89908329123473,-15.0553409611181,141.246580763852,145.283981066135,166.171877251435,162.637965101976,141.240165529241,5.92979110195673,2.8759730480909,-15.1090780911396,-11.9465506393989
MYD03.A2018291.1520.061.2018292160902.hdf,2018-10-18 15:20,61,87541,N,162.648057245336,-11.8713510315179,-32.9570251846167,135.508072085245,141.238553149514,162.882089391412,160.022019092422,135.500217713277,-11.8505145801622,-15.0022616836726,-33.1459173714168,-29.3998804728126
MYD03.A2018291.1525.061.2018292160828.hdf,2018-10-18 15:25,61,87541,N,160.05636513129,-29.3290764491768,-50.8989098358642,126.398699801062,135.532623680151,160.476955525262,158.379883783269,126.305375639184,-29.3158562125441,-32.8982643134274,-51.20903374076,-46.2422985203204
MYD03.A2018291.1530.061.2018292160929.hdf,2018-10-18 15:30,61,87541,N,159.127167186748,-46.2018762301722,-68.7259237167031,108.898516594453,126.446722883595,159.066765562672,159.131140284853,108.604240643799,-46.1934394561471,-50.8169718355399,-69.0382952821892,-61.2424899347898
MYD03.A2018291.1535.061.2018292161245.hdf,2018-10-18 15:35,61,87541,B,-172.484229879677,-61.3057584177297,-86.5613964789356,69.2512538072379,109.005833136498,160.030699425809,-168.916221433825,69.1016050940606,-61.3028811087485,-68.523418889525,-86.0135790545772,-70.3371703922009
MYD03.A2018291.1540.061.2018292161744.hdf,2018-10-18 15:40,61,87541,D,180,-66.0971811624718,-89.997653418705,-180,69.4898541093225,-169.255048313119,-43.9097324144947,20.7456881266216,-70.6312014330609,-85.3352699814935,-74.9494396284339,-65.7772381661089
MYD03.A2018291.1545.061.2018292161257.hdf,2018-10-18 15:45,61,87541,D,20.2742979934361,-52.4175650052868,-75.6532352548031,-44.3333820625187,20.2761706941975,-45.338982097951,-40.8865073942655,-3.21029417292417,-66.1460341872167,-75.4281737434375,-57.3236920305403,-52.1962804712299
MYD03.A2018291.1550.061.2018292161018.hdf,2018-10-18 15:50,61,87541,D,-3.83214076208758,-36.0824073490149,-57.8158661820889,-41.9845530459225,-3.83092461516337,-41.2589976930841,-41.9943187438,-14.7237084398108,-52.4868931013765,-57.8140203961957,-39.5855149185489,-35.9430672734975
MYD03.A2018291.1555.061.2018292161047.hdf,2018-10-18 15:55,61,87541,D,-15.233696763419,-18.8246940207563,-39.9819592386389,-44.2149624555387,-15.2299019080683,-42.0818604994215,-44.2506898643196,-21.605912640892,-36.1563191458685,-40.002145650184,-21.8048948677041,-18.7468399895954
MYD03.A2018291.1600.061.2018292161025.hdf,2018-10-18 16:00,61,87541,D,-21.9811599661065,-1.14281861833051,-22.0808316729035,-47.3459436021505,-21.9757270988517,-44.2653496972112,-47.36077822064,-26.4123168171603,-18.8969800401874,-22.1016246575307,-4.04083777782528,-1.1096361404285
MYD03.A2018291.1605.061.2018292161028.hdf,2018-10-18 16:05,61,87541,D,-26.6280233452083,16.7361039829863,-4.18207297264377,-51.481450779315,-26.6215249862655,-47.3356929656059,-51.5145574813657,-30.0806151568998,-1.21710360709457,-4.20073383875074,13.6731055894284,16.8074385746952
MYD03.A2018291.1610.061.2018292161022.hdf,2018-10-18 16:10,61,87542,D,-30.1143874588394,34.6838587388762,13.6071783687972,-57.339186208343,-29.9703924968918,-51.4698931879206,-57.4460943251426,-32.798454297892,16.6766670045368,13.5903836368653,31.1429772024217,34.8816344520656
MYD03.A2018291.1615.061.2018292161020.hdf,2018-10-18 16:15,61,87542,D,-32.7634472843944,52.697306569387,31.0996338050457,-66.845704301271,-32.42202934049,-57.3125199796323,-67.0774582030959,-34.522132176028,34.6211472403269,31.0867025268462,47.9911954734336,53.0097729429733
MYD03.A2018291.1620.061.2018292161108.hdf,2018-10-18 16:20,61,87542,D,-33.9178552700738,70.6139786815538,47.997739221275,-85.8223956692438,-33.9808104337612,-66.7995792871459,-86.2236557532875,-33.913541991593,52.6179417855845,47.9900392961449,62.8417144405058,70.9336877399961
MYD03.A2018291.1625.061.2018292161251.hdf,2018-10-18 16:25,61,87542,B,15.8695133402044,88.5460542132681,62.963408255549,-129.223075774134,-32.6448005133368,-85.7063000019276,-129.284547533692,23.6790540335713,70.4213535719285,62.9569186588464,70.9121847862851,87.401667479373
MYD03.A2018291.1630.061.2018292161234.hdf,2018-10-18 16:30,61,87542,N,180,89.9949539881633,64.9998618251439,-180,17.8707061426256,-128.991035497859,-176.160070051388,125.718421780764,86.8298916327431,71.248069910667,64.7062340315129,72.9593487441424
MYD03.A2018291.1635.061.2018292161031.hdf,2018-10-18 16:35,61,87542,N,-176.676821088007,73.5719268406314,50.6111204503858,125.432423136758,124.429726090259,-176.675010731668,162.129778824346,127.196301837057,73.4336311925056,65.0484578046815,50.4279030185911,55.1925879425701
MYD03.A2018291.1640.061.2018292160950.hdf,2018-10-18 16:40,61,87542,N,161.591407914752,55.656490593527,33.9844849059669,125.660282861799,126.711154235575,161.593430525395,151.559592248039,125.646621459975,55.6644004740641,50.678895310489,33.8784930808488,37.3694541989896
MYD03.A2018291.1645.061.2018292160937.hdf,2018-10-18 16:45,61,87542,N,151.160583191102,37.742323752374,16.5753840633507,123.150996231839,125.428704006801,151.165040556509,145.135487618941,123.127221434834,37.7678484639251,34.0533950459227,16.5246541872951,19.5413911574539
MYD03.A2018291.1650.061.2018292161005.hdf,2018-10-18 16:50,61,87542,N,144.88663681396,19.8030741291297,-1.17199566523438,119.821658153909,123.012730059027,144.892505973447,140.613230189321,119.807091951526,19.8344085863793,16.6480093039645,-1.18507806159597,1.78351740484158
MYD03.A2018291.1655.061.2018292161046.hdf,2018-10-18 16:55,61,87542,N,140.530938575508,1.90901094290068,-19.0566780582992,115.418174216018,119.754928481984,140.624127787298,137.25568271302,115.411504472055,1.93870580867109,-1.11223216899616,-19.1413201335082,-15.8843326502607
MYD03.A2018291.1700.061.2018292161014.hdf,2018-10-18 17:00,61,87542,N,137.270721611329,-15.8091860129844,-36.9545637575663,109.146856981712,115.428995606705,137.549963040011,134.836275308584,109.139207273432,-15.7916027684106,-19.0041992814527,-37.1714891665104,-33.2300054320571
MYD03.A2018291.1705.061.2018292161024.hdf,2018-10-18 17:05,61,87542,N,134.873379467375,-33.159435362731,-54.8807544266011,98.8146197909211,109.175316625711,135.337294579015,133.506417507222,98.6791323556749,-33.1469570483845,-36.8917213117766,-55.2100941263107,-49.8148717171699
MYD03.A2018291.1710.061.2018292161134.hdf,2018-10-18 17:10,61,87542,N,135.328414853006,-49.7915426110004,-72.7134208443641,77.8756491970921,98.8712263566522,134.161101227225,135.384590610388,77.5429490199032,-49.7843921727684,-54.789892884813,-72.9945957466891,-64.066184961038
MYD03.A2018291.1715.061.2018292161646.hdf,2018-10-18 17:15,61,87542,B,180,-64.1699251449443,-89.996562971554,-180,78.0175643574398,136.578062346305,-125.544122805805,32.2831228035202,-64.1645241754492,-72.447859022847,-87.1445007190645,-70.6157325725615
MYD03.A2018291.1720.061.2018292161704.hdf,2018-10-18 17:20,61,87542,D,32.4671289500641,-63.4833272423025,-89.5000796641475,-136.062975947474,32.4688695738362,-137.286671258586,-67.0074267161037,-11.2454885322065,-70.9782301129403,-86.8932373019479,-71.0303671612936,-63.2010091845093
MYD03.A2018291.1725.061.2018292161300.hdf,2018-10-18 17:25,61,87542,D,-11.7650338617108,-48.8971617745476,-71.6646104160679,-67.2731777493822,-11.763318420226,-68.0363389510899,-65.6977900577755,-31.1686627149713,-63.5398878710803,-71.524030613222,-53.3637757920126,-48.696552540301
MYD03.A2018291.1730.061.2018292161212.hdf,2018-10-18 17:30,61,87542,D,-31.7730416224808,-32.2778968390827,-53.8299242634865,-67.1238819533023,-31.7712099536576,-65.9725829868403,-67.1389373420174,-41.2538452110876,-48.9677306360507,-53.8416886921273,-35.611239088922,-32.1540623159896
MYD03.A2018291.1735.061.2018292161134.hdf,2018-10-18 17:35,61,87542,D,-41.7336757779293,-14.9017074438982,-35.9834102117602,-69.4987498197716,-41.7294563646162,-67.1214341171986,-69.522165074795,-47.5349701930064,-32.3520526139842,-36.0009558170432,-17.8229520399114,-14.8317706030269
MYD03.A2018291.1740.061.2018292161143.hdf,2018-10-18 17:40,61,87542,D,-47.8922600911244,2.84328224756931,-18.0675070954029,-72.8859846659754,-47.8915422485961,-69.5932924306305,-72.8972375578125,-52.0520971967209,-14.9740534316886,-18.0886328014973,-0.0834644406916658,2.86629817625598
MYD03.A2018291.1745.061.2018292161140.hdf,2018-10-18 17:45,61,87543,D,-52.2127405349843,20.7465695883497,-0.188998980146085,-77.3244827513011,-52.2060242631966,-72.8751160531251,-77.3682901027974,-55.5116200650821,2.76893689811698,-0.207275435498782,17.6156048189898,20.843610190078
MYD03.A2018291.1750.061.2018292161121.hdf,2018-10-18 17:50,61,87543,D,-55.4951324212044,38.6957869264653,17.5527830789809,-83.7371178270434,-55.3086914865895,-77.3108610888264,-83.8801482483783,-57.9987067600564,20.688698451391,17.53683133411,34.9744205723203,38.9209199095626
MYD03.A2018291.1755.061.2018292161120.hdf,2018-10-18 17:55,61,87543,D,-57.9602893052888,56.698962063379,34.9433699049629,-94.6151723898072,-57.5699091749317,-83.7088699209139,-94.8705251370737,-59.4070714775116,38.6304097423291,34.9323321391561,51.5609733754164,57.030954777809
MYD03.A2018291.1800.061.2018292161157.hdf,2018-10-18 18:00,61,87543,D,-57.2186008512434,74.6221754813173,51.5826347191591,-117.516848405798,-58.7009019911022,-94.5560460396584,-117.93559679671,-57.1372088495219,56.6094600752289,51.5766713060722,65.5566628630447,74.9011428282517
MYD03.A2018291.1805.061.2018292161516.hdf,2018-10-18 18:05,61,87543,B,180,89.9921156638139,65.7197870655773,-180,-55.8597572574591,-117.386869042439,-166.419760095508,72.4661404920534,74.3644329345658,65.7187720877907,70.7772021584746,86.1602698350702
MYD03.A2018291.1810.061.2018292161157.hdf,2018-10-18 18:10,61,87543,N,-166.362137040045,87.4961624831366,62.1643532816741,66.7366847499945,62.9442189837298,-166.360247518332,152.56570774391,101.953562759639,86.2895604073053,71.1364213162577,61.8904117001703,69.0024020893789
MYD03.A2018291.1815.061.2018292161038.hdf,2018-10-18 18:15,61,87543,N,151.983810484617,69.566170562201,47.0075993284509,101.776652084484,100.984687328606,151.987755136779,134.447312601629,102.259825092568,69.4855844703564,62.2192888907764,46.8483734270169,51.2119213119513
MYD03.A2018291.1820.061.2018292161052.hdf,2018-10-18 18:20,61,87543,N,133.949714570829,51.6591893040007,30.1409009746546,100.541856149685,101.977121307254,133.951420331521,125.160482680831,100.524585430075,51.6735186182352,47.0769092117961,30.0496744322581,33.3825727831087
MYD03.A2018291.1825.061.2018292161051.hdf,2018-10-18 18:25,61,87543,N,124.798300661725,33.7299809026447,12.6314833348473,97.7581052416452,100.240153267196,124.803145977279,119.2839785427,97.7359594155358,33.7533970611517,30.2102408841995,12.5905092276005,15.5743485297738
MYD03.A2018291.1830.061.2018292161051.hdf,2018-10-18 18:30,61,87543,N,119.070605154933,15.7994766309259,-5.15941554103499,94.2243855293163,97.6352569408157,119.076761205581,115.050056157202,94.2143687109775,15.8312766031907,12.7043664497189,-5.16630947358801,-2.1627580113575
MYD03.A2018291.1835.061.2018292161050.hdf,2018-10-18 18:35,61,87543,N,115.006449445509,-2.06801746726648,-23.05547303718,89.5016833204722,94.1749086535973,115.143956857859,111.929866177515,89.494761595068,-2.04004161890869,-5.10386369374438,-23.1707457371108,-19.7992164546232
MYD03.A2018291.1840.061.2018292161112.hdf,2018-10-18 18:40,61,87543,N,111.949738570003,-19.7241157084786,-40.9437431936905,82.6062611486688,89.5169233503117,112.261533669246,109.703027940838,82.5759855430467,-19.7082971475892,-23.0011805515628,-41.1886175559502,-37.0116747638607
MYD03.A2018291.1845.061.2018292161104.hdf,2018-10-18 18:45,61,87543,N,109.743370559826,-36.9479327840594,-58.859096217715,70.7540948977771,82.6387658879854,110.255161828529,108.767692458162,70.5738093757452,-36.9366355128802,-40.876256345409,-59.1992225679151,-53.2848462954851
MYD03.A2018291.1850.061.2018292161333.hdf,2018-10-18 18:50,61,87543,N,112.604799071817,-53.281918072376,-76.6951672126417,45.4905991908673,70.8213450795004,109.460975638691,112.781769550197,45.143894165143,-53.2761198903575,-58.7495630354003,-76.9124470878688,-66.5362858957169
MYD03.A2018291.1855.061.2018292161731.hdf,2018-10-18 18:55,61,87543,B,180,-66.6872018596096,-89.9995534404712,-180,45.6662765953758,114.229099674154,-109.88383118348,-4.36419978881131,-66.6827341904045,-76.3331412367521,-84.3448599909984,-70.0786571928854
MYD03.A2018291.1900.061.2018292161521.hdf,2018-10-18 19:00,61,87543,D,-4.41015112116223,-60.5561953251309,-85.5185248226907,-112.818520050204,-4.40820123495776,-116.025433943124,-90.9197385488337,-41.8833791979579,-70.4476550776482,-84.6047970359779,-67.1008155278385,-60.2802582422786
MYD03.A2018291.1905.061.2018292161336.hdf,2018-10-18 19:05,61,87543,D,-42.4845129921922,-45.2926820323117,-67.6819712943664,-91.0816945479722,-42.4829600907376,-91.6427801748544,-90.6145954107029,-58.672162057389,-60.6182415771562,-67.6003581770967,-49.4045778645696,-45.111006322251
MYD03.A2018291.1910.061.2018292161230.hdf,2018-10-18 19:10,61,87543,D,-59.2550122548628,-28.4567354953836,-49.8521440485669,-92.3253133584541,-59.2525643208267,-90.8350330487257,-92.34405268545,-67.6043820456172,-45.3640681479704,-49.8682290459062,-31.6423990152742,-28.3350454091902
MYD03.A2018291.1915.061.2018292161222.hdf,2018-10-18 19:15,61,87543,D,-68.0986636489003,-10.9602889348998,-31.9879100215903,-94.9628489875302,-68.0978865694941,-92.3915886919676,-94.9858260208083,-73.4221917543902,-28.5292146224684,-32.0138579222875,-13.8542354850962,-10.911194149172
MYD03.A2018291.1920.061.2018292161218.hdf,2018-10-18 19:20,61,87543,D,-73.6922365218729,6.83340609965373,-14.0763799861017,-98.4829839245987,-73.6850953761898,-94.9614637365519,-98.4905652206329,-77.6065672844071,-11.032018362934,-14.0966268919952,3.87492852851166,6.85123941650698
MYD03.A2018291.1925.061.2018292161310.hdf,2018-10-18 19:25,61,87544,D,-77.7423450787956,24.7552837329269,3.79242501955693,-103.205888406978,-77.6971000275592,-98.4706375396244,-103.318905974386,-80.8579199181972,6.76378975269995,3.7743325150287,21.5360657837128,24.88154887284
MYD03.A2018291.1930.061.2018292161252.hdf,2018-10-18 19:30,61,87544,D,-80.836895874578,42.7028490756356,21.4889113061716,-110.329356053483,-80.6128888895186,-103.199074813971,-110.463187296064,-83.1577433083145,24.6975101563855,21.4777231836742,38.7789849553008,42.9576764597331
MYD03.A2018291.1935.061.2018292161245.hdf,2018-10-18 19:35,61,87544,D,-83.1153802197905,60.7017260993909,38.7477915199441,-122.911202847222,-82.6647897341456,-110.29616141545,-123.198690049659,-84.1564367874794,42.634386414873,38.7391897696806,55.0246549073263,61.0430118140298
MYD03.A2018291.1940.061.2018292161218.hdf,2018-10-18 19:40,61,87544,D,-79.5380401462173,78.6288113471349,55.0651345525057,-150.714468613201,-83.4176236382626,-122.84150630168,-151.142356874867,-79.3009706968814,60.5951782239546,55.0612870392575,67.8700580746292,78.8429074433677
MYD03.A2018291.1945.061.2018292161652.hdf,2018-10-18 19:45,61,87544,B,180,89.9896459897915,68.092970535788,-180,-77.6769254616126,-150.571220304355,157.089825223928,66.8707591936428,78.2702658998746,68.0881356460439,69.8394858426216,82.6068104127831
MYD03.A2018291.1950.061.2018292161208.hdf,2018-10-18 19:50,61,87544,N,156.933384364442,83.489468902437,59.0508330789471,65.272100108171,62.6956360479573,156.935422450295,122.457915744242,77.65874034415,82.9716837724394,70.1926279173152,58.8084936695482,65.0340204657775
MYD03.A2018291.1955.061.2018292161140.hdf,2018-10-18 19:55,61,87544,N,121.875192465802,65.5611692202077,43.3365224774275,77.225664592905,76.9147510755084,121.882642775577,107.188620405954,77.2286470594512,65.5198397511203,59.109645592547,43.1844046163154,47.2294032411323
MYD03.A2018291.2000.061.2018292161140.hdf,2018-10-18 20:00,61,87544,N,106.682997184005,47.658951803069,26.2837501860958,75.1958029011197,76.8891828659246,106.684643862038,98.8994417333802,75.1749087367581,47.6791724778888,43.4062168763523,26.1957113788226,29.4010139529043
MYD03.A2018291.2005.061.2018292161130.hdf,2018-10-18 20:05,61,87544,N,98.5359361659959,29.7263449235667,8.67364970277817,72.3245771021576,75.0084927054143,98.5628718626655,93.4765400874159,72.3020935608073,29.7608326480818,26.3453474038796,8.64815877971133,11.59029586866
MYD03.A2018291.2010.061.2018292161200.hdf,2018-10-18 20:10,61,87544,N,93.336067767986,11.7990801397369,-9.15209189916844,68.5707443665651,72.2173903381028,93.3424657999618,89.5354917816684,68.5646909335973,11.8307704892729,8.74688872254852,-9.1611034106624,-6.10672038833108
MYD03.A2018291.2015.061.2018292161231.hdf,2018-10-18 20:15,61,87544,N,89.533524738604,-6.03485086530288,-27.0529775134552,63.4831568981532,68.5389352549919,89.7091062246468,86.6414449992174,63.4760110626028,-6.0094410236544,-9.09869654546292,-27.1987114931976,-23.69266672066
MYD03.A2018291.2020.061.2018292161349.hdf,2018-10-18 20:20,61,87544,N,86.6656707280216,-23.6176189471929,-44.92807930158,55.8394101068306,63.5007473237445,87.0176169241747,84.63122892785,55.7830500039187,-23.602740417846,-26.9966706533386,-45.1995157598111,-40.7451857154794
MYD03.A2018291.2025.061.2018292161233.hdf,2018-10-18 20:25,61,87544,N,84.6722172705055,-40.6901284565562,-62.8387328946824,42.0757604140396,55.877036890399,85.2332815031079,84.2087866649512,41.8522040751046,-40.6799589567161,-44.8551475841639,-63.1767663431819,-56.6239721069116
MYD03.A2018291.2030.061.2018292161435.hdf,2018-10-18 20:30,61,87544,N,91.9704357467218,-56.6444198770987,-80.674308345855,11.5333091469433,42.1574575952095,84.9510825397281,92.4724664378522,11.214256867714,-56.6397854095538,-62.7013317306323,-80.7721070324923,-68.5325483051969
MYD03.A2018291.2035.061.2018292162127.hdf,2018-10-18 20:35,61,87544,B,180,-68.7391024320781,-89.9974087341754,-180,11.7462946276124,94.1801630796307,-123.631361898587,-39.9927130149509,-68.7357537200394,-80.1501313083695,-80.6623014114212,-68.7884651415206
MYD03.A2018291.2040.061.2018292161619.hdf,2018-10-18 20:40,61,87544,D,-40.2567136807854,-57.3977953636275,-81.5400064015133,-124.770133732622,-40.2547032489532,-126.659000605044,-115.223070799212,-71.5238041865244,-69.1690301570235,-81.0667078819872,-63.1620102427739,-57.1434557130849
MYD03.A2018291.2045.061.2018292161337.hdf,2018-10-18 20:45,61,87544,D,-72.1455413987861,-41.6203498641126,-63.7030623506191,-115.616936942528,-72.1441381876539,-115.760943316522,-115.61591236234,-85.8139867011202,-57.4638428026272,-63.6625551687264,-45.4467137348674,-41.4562772893215
MYD03.A2018291.2050.061.2018292161404.hdf,2018-10-18 20:50,61,87544,D,-86.3727388102516,-24.5828177295634,-45.8745221149978,-117.561725069899,-86.3696902305227,-115.783514611267,-117.583253182798,-93.8060105101146,-41.6923452304088,-45.8928930434346,-27.6741333992215,-24.4864901334832
MYD03.A2018291.2055.061.2018292161317.hdf,2018-10-18 20:55,61,87544,D,-94.2251781602231,-7.00946195325423,-27.9938786109408,-120.38303166758,-94.220213709139,-117.608223897176,-120.403732197199,-99.1455533280432,-24.657035616561,-28.0158217353769,-9.89375465647601,-6.96320237032368
MYD03.A2018291.2100.061.2018292161527.hdf,2018-10-18 21:00,61,87544,D,-99.4191480279721,10.8256152765011,-10.0819564536065,-124.134498409741,-99.4129590993786,-120.379092293685,-124.150993286251,-103.129553659799,-7.08127191257255,-10.1012491873865,7.83193551431299,10.8592622165969
MYD03.A2018291.2105.061.2018292161407.hdf,2018-10-18 21:05,61,87545,D,-103.227626519894,28.7589176428133,7.76153244522888,-129.296082951076,-103.173773559762,-124.121055716299,-129.375551581743,-106.20239836914,10.7564264821318,7.74396271707967,25.4334891917549,28.915115981287
MYD03.A2018291.2110.061.2018292161316.hdf,2018-10-18 21:10,61,87545,D,-106.179620014021,46.7036663536945,25.3808571082115,-137.212632628468,-105.891068670487,-129.277602393638,-137.393528811974,-108.277659104008,28.7025235262842,25.3632810968402,42.5040706752452,46.9766979811406
MYD03.A2018291.2115.061.2018292161340.hdf,2018-10-18 21:15,61,87545,D,-108.234301910647,64.6133833365012,42.4895890595657,-151.829600839384,-107.721505894845,-137.171859209258,-152.176860950646,-108.741625026718,46.6315965024357,42.4782809535639,58.2503342445923,64.9494613031581
MYD03.A2018291.2120.061.2018292161256.hdf,2018-10-18 21:20,61,87545,D,-98.468335593248,82.6325433202839,58.3222514254383,174.305420681318,-107.812248692919,-151.750688208512,173.986055715266,-97.6976594265175,64.4812966931061,58.3176272905089,69.6170282482802,82.6949198276975
MYD03.A2018291.2125.061.2018292161718.hdf,2018-10-18 21:25,61,87545,B,180,89.9905400568724,68.4861600528262,-180,-96.1116701198812,174.500331526118,122.028661782619,48.1856070281303,82.0862441958795,69.8802579596472,68.153978336712,78.7583754538447
MYD03.A2018291.2130.061.2018292161237.hdf,2018-10-18 21:30,61,87545,N,121.662117324441,79.4858847435176,55.7497624784267,47.4844582382213,45.8160518981923,121.664132224213,93.2753671802619,53.1028648643755,79.1954430127729,68.5249766656882,55.5320661288501,61.0641808697728
MYD03.A2018291.2135.061.2018292161203.hdf,2018-10-18 21:35,61,87545,N,92.702275384772,61.5596638663945,39.5968900365773,52.1312793372236,52.4837714394083,92.7096966926139,80.2358548737225,52.1261522835476,61.545441431619,55.810823572053,39.4642446619057,43.2476729727494
MYD03.A2018291.2140.061.2018292161243.hdf,2018-10-18 21:40,61,87545,N,79.769271690155,43.6587578820139,22.3704885777512,49.8990506807717,51.8433560426639,79.7723638387231,72.7992809740353,49.875175034153,43.6826337558584,39.6673102483838,22.3089661106897,25.4195740399916
MYD03.A2018291.2145.061.2018292161337.hdf,2018-10-18 21:45,61,87545,N,72.527393457157,25.7207935888432,4.70707456275495,46.8616686098513,49.7465301901029,72.5330443765652,67.8083246799671,46.8423652684815,25.7500815878609,22.440722760726,4.6835116486902,7.63039231904713
MYD03.A2018291.2150.061.2018292161245.hdf,2018-10-18 21:50,61,87545,N,67.6691622856355,7.8041743389428,-13.1457345622891,42.8548087037948,46.7587135626774,67.7073902866921,64.0904855716404,42.8485120590941,7.83548307263427,4.77531745022968,-13.185898269547,-10.0597848522397
MYD03.A2018291.2155.061.2018292161214.hdf,2018-10-18 21:55,61,87545,N,64.1018508997173,-9.9879667344775,-31.0476410184104,37.3444612213603,42.840323166169,64.3150808053663,61.3895500786697,37.337117481643,-9.96550271542691,-13.0935911198352,-31.2226702333186,-27.5599890272131
MYD03.A2018291.2200.061.2018292161314.hdf,2018-10-18 22:00,61,87545,N,61.4176390241397,-27.4850374003105,-48.9072661351751,28.7975175798993,37.3647697855231,61.8095419339294,59.6196447134754,28.7106298581779,-27.4710175166299,-30.9885040262136,-49.2041564972994,-44.4215247151824
MYD03.A2018291.2205.061.2018292161447.hdf,2018-10-18 22:05,61,87545,N,59.914033370525,-44.3776772357596,-66.7315566079101,12.7340117364143,28.8416757552253,60.2719664916214,59.9019865744482,12.4600161254511,-44.3686148849687,-48.8283793554567,-67.0555726569812,-59.7286062324581
MYD03.A2018291.2210.061.2018292161633.hdf,2018-10-18 22:10,61,87545,B,77.3852649734222,-59.7755856038755,-84.6544137219053,-23.9957445980711,12.8312296778119,60.7357162809155,79.1120628265882,-24.2206329690421,-59.7720270499392,-66.5543391922518,-84.4602439262195,-69.9232196101052
MYD03.A2018291.2215.061.2018292162045.hdf,2018-10-18 22:15,61,87545,D,180,-67.2070991538556,-89.9981727465637,-180,-23.7535575347616,80.4038483683732,-143.96559508673,-74.1593749820711,-70.1885615923154,-83.7875313766595,-76.8165447300645,-66.8741832186377
MYD03.A2018291.2220.061.2018292161740.hdf,2018-10-18 22:20,61,87545,D,-74.5912074698716,-54.064877353161,-77.5591051166623,-144.544732446668,-74.589270754179,-145.766510621719,-139.782672196849,-100.365427543716,-67.2528953316681,-77.2754598921376,-59.2149899439904,-53.8328846773521
MYD03.A2018291.2225.061.2018292161457.hdf,2018-10-18 22:25,61,87545,D,-100.985874166969,-37.8884328671472,-59.7222132220701,-140.676603135378,-100.984602024329,-140.191504360305,-140.683433293372,-112.672848515719,-54.133833755184,-59.710473703212,-41.4832118426668,-37.7410659630092
MYD03.A2018291.2230.061.2018292161503.hdf,2018-10-18 22:30,61,87545,D,-113.204298615026,-20.692877696753,-41.8891603521577,-142.84044596693,-113.20073683169,-140.809751409214,-142.863507705163,-119.886412624679,-37.960667976403,-41.9091875349689,-23.7027881077724,-20.6091852397921
MYD03.A2018291.2235.061.2018292161433.hdf,2018-10-18 22:35,61,87545,D,-120.273422730789,-3.04334794829756,-23.9946941950504,-145.84950213352,-120.268134617271,-142.869434291415,-145.867537882107,-124.850327257354,-20.7671321428353,-24.0163557094805,-5.92965256250752,-3.00607674931092
MYD03.A2018291.2240.061.2018292161559.hdf,2018-10-18 22:40,61,87545,D,-125.088364986475,14.826806851062,-6.08712223192107,-149.855526383727,-125.081971672363,-145.844136636548,-149.884560451381,-128.619575774235,-3.11515350103377,-6.10616285687238,11.790764260067,14.885367691814
MYD03.A2018291.2245.061.2018292161435.hdf,2018-10-18 22:45,61,87546,D,-128.670848829097,32.7708800083504,11.7234088429331,-155.467835298387,-128.544405538555,-149.840483491607,-155.564601158776,-131.435725366455,14.7640763685438,11.7065439101423,29.3083290403437,32.9555724844881
MYD03.A2018291.2250.061.2018292161647.hdf,2018-10-18 22:50,61,87546,D,-131.406829970573,50.705224033121,29.2615159207629,-164.374639525665,-131.089610827673,-155.447978785391,-164.585593648803,-133.281613090129,32.7117252419845,29.2482044772508,46.1855240400068,51.0054686385512
MYD03.A2018291.2255.061.2018292161329.hdf,2018-10-18 22:55,61,87546,D,-132.997770758711,68.6183544144376,46.1843488401031,178.282809498998,-132.681047810884,-164.328205761259,177.898776167012,-133.008505237463,50.6278063263452,46.1760984919375,61.3767515459417,68.9442229023365
MYD03.A2018291.2300.061.2018292161533.hdf,2018-10-18 23:00,61,87546,B,-106.056945949663,86.6383577232609,61.4796612430686,137.844653668707,-131.960458893354,178.378916447574,137.683558118095,-102.581337956634,68.448120193895,61.4766774295548,70.6847275743813,86.2365348649445
MYD03.A2018291.2305.061.2018292161736.hdf,2018-10-18 23:05,61,87546,N,180,89.9906541540828,66.2282000213091,-180,-102.879066973642,138.065064319081,88.5689670492078,26.1027210130977,85.5912813987165,70.9971840511271,65.9234490647099,74.8363639013721
MYD03.A2018291.2310.061.2018292161441.hdf,2018-10-18 23:10,61,87546,N,88.0864466151812,75.4806820422213,52.2961619909246,25.7197564190154,24.5165490246878,88.0883343549983,64.8202451112596,28.3469348887659,75.303361508405,66.2777423390967,52.102932085869,57.0881239457038
MYD03.A2018291.2315.061.2018292161507.hdf,2018-10-18 23:15,61,87546,N,64.2759493371501,57.5597055922524,35.8181214772968,26.9906159005628,27.8425528747371,64.277160845195,53.5462356232786,26.9795068632375,57.5634975823617,52.3603193451903,35.6916187879941,39.2668977119034
MYD03.A2018291.2320.061.2018292161412.hdf,2018-10-18 23:20,61,87546,N,53.0791827050661,39.6544760410511,18.4548916473523,24.5772114208835,26.7530395255413,53.1003311265487,46.7972153235033,24.552779409021,39.6828650012184,35.8826350353048,18.4031139069721,21.437954325059
MYD03.A2018291.2325.061.2018292161241.hdf,2018-10-18 23:25,61,87546,N,46.5546373919595,21.7132453382442,0.729616398815077,21.3407125962531,24.4311733866685,46.5607558824517,42.1485121139129,21.3246951767639,21.7446721481003,18.5251937737449,0.715444210501241,3.67109603257677
MYD03.A2018291.2330.061.2018292161250.hdf,2018-10-18 23:30,61,87546,N,42.0592940447415,3.81484974749133,-17.143984055771,17.0979462246059,21.285842466862,42.1383094190941,38.6935125287584,17.0907143842463,3.84120359513673,0.792632614168502,-17.2142229721888,-14.0069324767835
MYD03.A2018291.2335.061.2018292161242.hdf,2018-10-18 23:35,61,87546,N,38.7096469203084,-13.935697933226,-35.0434285631097,11.0646242883059,17.0709497272762,38.9613923116902,36.1780121167975,11.057012103857,-13.914047021672,-17.0921571388494,-35.250103341882,-31.4021443965736
MYD03.A2018291.2340.061.2018292161555.hdf,2018-10-18 23:40,61,87546,N,36.2101337316233,-31.327468129525,-52.8861817264911,1.41484210245603,11.0883595732367,36.6443804044671,34.6905138045268,1.29286639178184,-31.314447563005,-34.9808180404628,-53.206453295838,-48.0325240503506
MYD03.A2018291.2345.061.2018292161513.hdf,2018-10-18 23:45,61,87546,N,35.9018308923176,-48.0027232643205,-70.7163220394409,-17.6973772439035,1.46661438573544,35.3554165689645,35.9270726583385,-18.0158025351746,-47.9948633059154,-52.8007352077818,-71.0154031563948,-62.6868838488531
MYD03.A2018291.2350.061.2018292162006.hdf,2018-10-18 23:50,61,87546,B,88.7896055301383,-62.7709342089991,-88.6392099076273,-60.7177280719914,-17.5733560433157,36.9626154578981,96.692666701574,-60.7695629419427,-62.7665739756016,-70.4852760428065,-87.1935152012412,-70.5827369859477
MYD03.A2018291.2355.061.2018292162223.hdf,2018-10-18 23:55,61,87546,D,180,-64.7832253754403,-89.9990405386717,-180,-60.4629916517623,90.5108809783647,-166.555314626697,-106.796493482199,-70.9016607559675,-86.6020910355966,-72.9121425205304,-64.4708159044408
