# MODIS Aqua GEOGRAPHIC METADATA TEXT FILE day 2017-06-05
# NFiles = 288, max geo IngestTime = 2018-01-29 18:10:28.266442
# GranuleID,StartDateTime,ArchiveSet,OrbitNumber,DayNightFlag,EastBoundingCoord,NorthBoundingCoord,SouthBoundingCoord,WestBoundingCoord,GRingLongitude1,GRingLongitude2,GRingLongitude3,GRingLongitude4,GRingLatitude1,GRingLatitude2,GRingLatitude3,GRingLatitude4
MYD03.A2017156.0000.061.2018029172000.hdf,2017-06-05 00:00,61,80250,D,-144.960885827907,14.1247368684693,-6.87258665377859,-169.778111977664,-144.954522224249,-165.79657377851,-169.800514038989,-148.542407936806,-3.88925286914911,-6.89169374789622,11.0916499005024,14.1796828319764
MYD03.A2017156.0005.061.2018029171957.hdf,2017-06-05 00:05,61,80251,D,-148.600503511525,32.0620438823845,11.0228838033452,-175.311149586763,-148.482210029269,-169.767631160176,-175.404574368329,-151.392828383542,14.0635948016244,11.0057252007857,28.6154278230055,32.2418465746893
MYD03.A2017156.0010.061.2018029172038.hdf,2017-06-05 00:10,61,80251,D,-151.360338709865,49.9864546128347,28.5671236336496,175.979717942969,-151.056215374704,-175.286386257884,175.772063251461,-153.274867946795,31.9998485593392,28.5536535774944,45.519659578624,50.2832506971478
MYD03.A2017156.0015.061.2018029172534.hdf,2017-06-05 00:15,61,80251,D,-153.191131241484,67.8949676501921,45.515818977955,159.179968189995,-152.730837775235,176.019267017811,158.792639099744,-153.21008203619,49.9123843447838,45.5071570040093,60.8112828023897,68.2251171849498
MYD03.A2017156.0020.061.2018029172546.hdf,2017-06-05 00:20,61,80251,D,-131.63394314615,85.8214549899247,60.9140187243417,120.250348179926,-152.167973352668,159.28397562734,120.046587245096,-129.20639798926,67.7295775703492,60.9095597423443,70.5138746886993,85.5685257401397
MYD03.A2017156.0025.061.2018029172916.hdf,2017-06-05 00:25,61,80251,D,180,89.9859056558619,66.7259349475056,-180,-128.649224129152,120.467215181854,70.157438597976,5.62193530678711,84.933674978454,70.8238945930616,66.4102679730983,75.6404449164432
MYD03.A2017156.0030.061.2018029172002.hdf,2017-06-05 00:30,61,80251,B,69.6847882664325,76.2992370715406,53.0151593625318,5.19400073094922,3.95836884176754,69.686706539568,45.4584352585847,8.30192249219745,76.1049081647396,66.7731928412334,52.8114741155956,57.9013721891863
MYD03.A2017156.0035.061.2018029171929.hdf,2017-06-05 00:35,61,80251,N,44.8911035635673,58.3769579521222,36.581899412573,7.01898675261751,7.78969006848679,44.8923385755312,33.8393076822224,7.00884204163521,58.3779966297018,53.0787597578244,36.4641212469782,40.0764501632341
MYD03.A2017156.0040.061.2018029171927.hdf,2017-06-05 00:40,61,80251,N,33.4041051582739,40.4681829677539,19.2527422466621,4.65206798219821,6.79228996230469,33.4094944187729,26.9783819034028,4.62977312812314,40.4920717478434,36.65310961443,19.1923256326836,22.2428748814969
MYD03.A2017156.0045.061.2018029172005.hdf,2017-06-05 00:45,61,80251,N,26.6964521819455,22.520443817341,1.53207184664036,1.44250385870872,4.49329897628462,26.7022978065326,22.2309311958671,1.42549593630607,22.5517618046435,19.3227022906309,1.51432655670841,4.46207477110069
MYD03.A2017156.0050.061.2018029172403.hdf,2017-06-05 00:50,61,80251,N,22.1181607806063,4.61070362373355,-16.4344734649725,-2.78780565757934,1.36507780759972,22.1775979317154,18.678310427285,-2.79425778416856,4.64170502873544,1.59742436720944,-16.4992490445213,-13.314940928933
MYD03.A2017156.0055.061.2018029172310.hdf,2017-06-05 00:55,61,80251,N,18.6901852527252,-13.2400943946536,-34.3450732881795,-8.70146581582667,-2.78958137545886,18.9599907040198,16.1464980490037,-8.70897944560185,-13.2181534408,-16.3844314684577,-34.5409577927088,-30.7406258060173
MYD03.A2017156.0100.061.2018029172002.hdf,2017-06-05 01:00,61,80251,N,16.1817504010674,-30.6702145203879,-52.2011505045784,-18.1418710455362,-8.67585398315095,16.6143908462888,14.6062250000957,-18.2537501419721,-30.6570773942149,-34.2854314077161,-52.5170810471431,-47.4294410912797
MYD03.A2017156.0105.061.2018029172221.hdf,2017-06-05 01:05,61,80251,N,15.6735996835293,-47.3918300258064,-70.0346877428893,-36.6887024452205,-18.0948297214715,15.3088797402188,15.6905560507547,-36.991007503699,-47.383720291614,-52.1161992541706,-70.3384548416445,-62.2145847652938
MYD03.A2017156.0110.061.2018029173201.hdf,2017-06-05 01:10,61,80251,N,57.192898371922,-62.2921899146532,-87.8745924648162,-78.4305350530436,-36.5724695217817,16.634959323001,63.2560807937517,-78.5178790946089,-62.2894882751303,-69.8170905631875,-86.8761659875301,-70.5389940869631
MYD03.A2017156.0115.061.2018029172919.hdf,2017-06-05 01:15,61,80251,N,180,-65.2793724738244,-89.9909402888313,-180,-78.1772701648249,60.0273151950837,173.061384679891,-125.488254601774,-70.8378479213441,-86.2185304634551,-73.6622002308072,-64.9712038958313
MYD03.A2017156.0120.061.2018029172839.hdf,2017-06-05 01:20,61,80251,B,-125.994207513014,-51.2667913229186,-74.3369995081972,172.693620088,-125.992383901149,171.759520180786,175.403263830022,-148.026353047244,-65.3320147345766,-74.1428979994878,-56.0171496022223,-51.0558013568402
MYD03.A2017156.0125.061.2018029172625.hdf,2017-06-05 01:25,61,80251,D,-148.625048702727,-34.8317038986775,-56.5020554571591,174.188773254496,-148.623724055845,175.059142654164,174.177293005568,-159.017610796486,-51.3374975052454,-56.505435596361,-38.277437645918,-34.6998053158569
MYD03.A2017156.0130.061.2018029172051.hdf,2017-06-05 01:30,61,80251,D,-159.514469172419,-17.5329714584883,-38.6652641027742,171.859466953983,-159.510526397204,174.070636752981,171.835950478782,-165.687446313275,-34.9042893521693,-38.6863760299737,-20.4997331925912,-17.4602221477158
MYD03.A2017156.0135.061.2018029172107.hdf,2017-06-05 01:35,61,80251,D,-166.040605351851,0.161676124723002,-20.7691200659621,168.689947252149,-166.035071552164,171.836020475926,168.67470387615,-170.376545635404,-17.6075270586106,-20.7906932954217,-2.74489003897715,0.191700592029633
MYD03.A2017156.0140.061.2018029172523.hdf,2017-06-05 01:40,61,80251,D,-170.580415329272,18.0453461737931,-2.87823346526962,164.456312730728,-170.573862957974,168.695841653764,164.419366309572,-173.97928655828,0.0894951098933246,-2.89704535637811,14.9550399112714,18.124808228725
MYD03.A2017156.0145.061.2018029172759.hdf,2017-06-05 01:45,61,80252,D,-173.991846359424,36.0735796598436,14.8893975064957,158.388431876548,-173.830815672773,164.472734007664,158.279244877728,-176.62530443978,17.9837655980871,14.8730009292732,32.4682523935188,36.2814811320155
MYD03.A2017156.0150.061.2018029172440.hdf,2017-06-05 01:50,61,80252,D,-176.58910264672,53.9863397596181,32.4259087390268,148.507858989242,-176.239430203869,158.41646243572,148.265093875653,-178.233866607616,36.0093564384132,32.4134691680177,49.1410901571666,54.3057701231473
MYD03.A2017156.0155.061.2018029172403.hdf,2017-06-05 01:55,61,80252,D,-177.064557874182,71.903049014407,49.1534231329034,128.381112060023,-177.587510083807,148.555200225114,127.956829886558,-177.03987472823,53.9066053500231,49.1460413769667,63.7335955308304,72.2078632533351
MYD03.A2017156.0200.061.2018029172434.hdf,2017-06-05 02:00,61,80252,D,-101.081974290726,89.8289001442873,63.8784440641412,83.0311960521507,-175.909544068475,128.506178902471,83.0429898299584,-90.7639982920402,71.6873697092347,63.8769316684746,70.9517252645854,87.5756383047967
MYD03.A2017156.0205.061.2018029172535.hdf,2017-06-05 02:05,61,80252,D,180,89.9873003671366,64.1208574257291,-180,-102.279254731995,83.2607834989747,37.9341084020881,-17.5893099435367,87.2109662969944,71.2954536482079,63.8314979991764,71.6935447514474
MYD03.A2017156.0210.061.2018029172025.hdf,2017-06-05 02:10,61,80252,B,37.3850687431173,72.2922990514719,49.476101546238,-17.8451725392002,-18.7814304533684,37.386824590755,17.4571768140115,-16.5601209502826,72.1740038113149,64.1754948860804,49.290001233236,53.9204505226057
MYD03.A2017156.0215.061.2018029172031.hdf,2017-06-05 02:15,61,80252,N,16.9051555695379,54.3748927490063,32.7585321162666,-18.1580717091213,-16.9784025208602,16.9062830843644,7.30419238757861,-18.173221617187,54.3879724214317,49.540152807324,32.6576161981029,36.0880225829426
MYD03.A2017156.0220.061.2018029172352.hdf,2017-06-05 02:20,61,80252,N,6.91353963720098,36.4583705767313,15.3134379410146,-20.7266381708631,-18.3773043237312,6.91786284665436,1.06326300897083,-20.7503655800418,36.4845767500685,32.8296791349927,15.2642886056036,18.2620193591132
MYD03.A2017156.0225.061.2018029172207.hdf,2017-06-05 02:25,61,80252,N,0.820401992373657,18.5110109220636,-2.45815756760504,-24.1155854710247,-20.8521639147247,0.826385143569519,-3.36797254151467,-24.1288257183411,18.5424567513607,15.3837573629449,-2.46900136066403,0.502065593701324
MYD03.A2017156.0230.061.2018029173044.hdf,2017-06-05 02:30,61,80252,N,-3.44012422022293,0.620952038186665,-20.3532441969795,-28.6196192186131,-24.1772856263027,-3.33179098236126,-6.65158545697965,-28.6263608442221,0.649763097409737,-2.39873116367552,-20.4475757032886,-17.1611543048455
MYD03.A2017156.0235.061.2018029172112.hdf,2017-06-05 02:35,61,80252,N,-6.63135774005261,-17.0900973491634,-38.3450058339804,-35.1202633809128,-28.6031158698088,-6.34294113579089,-9.02840200118944,-35.1286575126074,-17.073863009797,-20.3020367114489,-38.5715251870797,-34.5617232304608
MYD03.A2017156.0240.061.2018029172023.hdf,2017-06-05 02:40,61,80252,N,-8.98970413501611,-34.4918866188352,-56.1869506639942,-45.8751618361223,-35.0905388347812,-8.51068547024888,-10.2350289046569,-46.0245857893357,-34.479784029121,-38.2811546991024,-56.5197165455343,-50.9766052077427
MYD03.A2017156.0245.061.2018029172336.hdf,2017-06-05 02:45,61,80252,N,-7.81371661125503,-50.9552440163068,-74.0252102962508,-68.1442986605726,-45.8185057073945,-9.51992318057185,-7.72803191370276,-68.4785420150744,-50.9483633354667,-56.0898538823863,-74.2881012398359,-64.9362489644992
MYD03.A2017156.0250.061.2018029173351.hdf,2017-06-05 02:50,61,80252,N,180,-65.0562251797678,-89.9923442671579,-180,-67.9966413678461,-6.56236963803402,111.124181171958,-115.414896988375,-65.0526953785494,-73.7372214075915,-86.4749515118073,-70.5441758009523
MYD03.A2017156.0255.061.2018029172714.hdf,2017-06-05 02:55,61,80252,N,-115.289555552116,-62.5452149473591,-88.1855297043231,103.703040697442,-115.283757520788,100.461824219528,149.718704142187,-156.995462270637,-70.8837562008688,-86.4732686886792,-69.7393703559927,-62.2592343998126
MYD03.A2017156.0300.061.2018029172321.hdf,2017-06-05 03:00,61,80252,B,-157.568574208928,-47.710956731265,-70.3467560872697,149.494233298991,-157.566912581398,148.703215385482,150.554298588594,-175.820364756387,-62.6041813351906,-70.2243626528991,-52.0567417579979,-47.5194193917026
MYD03.A2017156.0305.061.2018029173510.hdf,2017-06-05 03:05,61,80252,D,-176.401890490916,-31.0129764242105,-52.5152820416725,149.038194999748,-176.399854001392,150.306729264188,149.021341610832,174.516076702703,-47.7829993576441,-52.5291650279334,-34.3015410250994,-30.8958543735197
MYD03.A2017156.0310.061.2018029173238.hdf,2017-06-05 03:10,61,80252,D,174.048863268983,-13.5994164245674,-34.6644043222461,146.502368802115,174.053240932249,148.92949283087,146.47923192872,168.413645777509,-31.0856246102368,-34.6858615353143,-16.5241432960041,-13.5376450937055
MYD03.A2017156.0315.061.2018029172153.hdf,2017-06-05 03:15,61,80252,D,168.093643755777,4.15155134900054,-16.7633030348528,143.129268193495,168.099434056293,146.494516451902,143.118347266053,164.020898769214,-13.6739951840152,-16.7840320925136,1.21480066598302,4.17403209660975
MYD03.A2017156.0320.061.2018029172639.hdf,2017-06-05 03:20,61,80253,D,163.854837370017,22.0571427537138,1.11253259026697,138.583494205402,163.874569371069,143.136566153518,138.532412799503,160.619353988597,4.08105892365687,1.09410959210962,18.8913791900925,22.1638232195856
MYD03.A2017156.0325.061.2018029172814.hdf,2017-06-05 03:25,61,80253,D,160.641067065455,40.0845705906818,18.8296602968202,131.908954195297,160.842550938908,138.601900526845,131.777088571784,158.189253053969,21.9965365943482,18.8140618080691,36.2860590096744,40.3199704905202
MYD03.A2017156.0330.061.2018029172654.hdf,2017-06-05 03:30,61,80253,D,158.228831220672,57.9901054197057,36.2520622037097,120.597632148567,158.627168349113,131.940764041349,120.290489908101,156.918691228605,40.0175062061175,36.2406918667694,52.6725855029071,58.3240106358953
MYD03.A2017156.0335.061.2018029172212.hdf,2017-06-05 03:35,61,80253,D,159.783581116935,75.9122118678876,52.7114363208842,96.2205939433582,157.640341576274,120.647233078585,95.7959921767205,159.897680577648,57.8978983796178,52.7064291575746,66.3365389997801,76.1725851883626
MYD03.A2017156.0340.061.2018029172750.hdf,2017-06-05 03:40,61,80253,D,180,89.987612887505,66.520629724718,-180,161.206076813676,96.3680249204033,46.0150845183251,-62.0908586506439,75.6227949371366,66.5198965574559,70.5489646309428,85.0900259977259
MYD03.A2017156.0345.061.2018029172749.hdf,2017-06-05 03:45,61,80253,D,45.992483091114,86.2092702769375,61.1955744161666,-65.6113959043409,-68.5651356539556,45.9944406532004,7.05270336701863,-41.4164928567359,85.3679006446127,70.9119661014369,60.9208605379058,67.7341496210839
MYD03.A2017156.0350.061.2018029172237.hdf,2017-06-05 03:50,61,80253,B,6.43451482585898,68.2826864513888,45.837449795666,-41.5761778005336,-42.450863067639,6.4668289159007,-10.0840246403901,-41.5233817109049,68.2120190079361,61.2441720303729,45.6768752948892,49.9377159763155
MYD03.A2017156.0355.061.2018029172212.hdf,2017-06-05 03:55,61,80253,N,-10.5927054473553,50.3726908066983,28.899935810751,-43.3827910986758,-41.8740370237926,-10.5897881864423,-19.0345921906253,-43.4018255532058,50.389209882442,45.9039483885024,28.8103766885096,32.0995054665968
MYD03.A2017156.0400.061.2018029172200.hdf,2017-06-05 04:00,61,80253,N,-19.4012990316258,32.4435450425086,11.356626937114,-46.1291605009469,-43.5758587122994,-19.3963908463125,-24.7682103789984,-46.1521670736866,32.4713277016911,28.9713145334523,11.3179613513756,14.2785633357618
MYD03.A2017156.0405.061.2018029172518.hdf,2017-06-05 04:05,61,80253,N,-24.9714263495169,14.4995464921154,-6.45588783204649,-49.7255412095875,-46.2383418956077,-24.9651475192656,-28.9178743625898,-49.7349606835649,14.5306723647461,11.4274259849535,-6.46139060966509,-3.45099202190654
MYD03.A2017156.0410.061.2018029172424.hdf,2017-06-05 04:10,61,80253,N,-28.9553937719659,-3.3634120353747,-24.3623311161588,-54.5547433295771,-49.7635715478578,-28.8076889000751,-31.9774788453922,-54.563522079472,-3.33786251153047,-6.3997465698591,-24.4866256520752,-21.083250092326
MYD03.A2017156.0415.061.2018029172207.hdf,2017-06-05 04:15,61,80253,N,-31.9520958807584,-21.0125150061045,-42.3445007612249,-61.7325383639791,-54.537905321237,-31.6225399783709,-34.1493640530085,-61.7572876762321,-20.9980845220898,-24.3098645106181,-42.5993810761591,-38.3433963131715
MYD03.A2017156.0420.061.2018029172842.hdf,2017-06-05 04:20,61,80253,N,-34.1078908966189,-38.2789665494581,-60.1783279552509,-74.1331365258679,-61.6987223733191,-33.5791395754884,-34.9308568379748,-74.3178375768799,-38.2682230651878,-42.2757378295502,-60.5177784536802,-54.4216560404641
MYD03.A2017156.0425.061.2018029172517.hdf,2017-06-05 04:25,61,80253,N,-29.9154333832609,-54.418236329686,-78.018638120304,-101.063052601649,-74.0641249072368,-34.1182001368713,-29.6615188190082,-101.399032843791,-54.4126192288841,-60.05837910102,-78.2001758393632,-67.2728540583005
MYD03.A2017156.0430.061.2018029173454.hdf,2017-06-05 04:30,61,80253,N,180,-67.4414509150525,-89.9926179679258,-180,-100.887232322674,-28.4267796260774,111.778133661274,-151.845495449035,-67.4396515164301,-77.6222006585819,-83.1620847520113,-69.741230679091
MYD03.A2017156.0435.061.2018029172749.hdf,2017-06-05 04:35,61,80253,N,-151.949719522559,-59.522376881303,-84.1938675429668,109.723730894805,-151.94738221121,106.755070860628,125.578813331858,172.68569542574,-70.1051584914684,-83.4784319357485,-65.7929619004118,-59.2599900277451
MYD03.A2017156.0440.061.2018029173046.hdf,2017-06-05 04:40,61,80253,B,172.082284653452,-44.0708030974114,-66.354365523671,125.430367293206,172.083785728315,124.89003389755,125.600397574108,156.803421819611,-59.5859013358459,-66.2869975422241,-48.085326418921,-43.8979974422707
MYD03.A2017156.0445.061.2018029172856.hdf,2017-06-05 04:45,61,80253,D,156.245265499474,-27.1619860861819,-48.5280699637372,123.814063007709,156.247974935569,125.400393040766,123.793822630471,148.219246813961,-44.1437934405051,-48.5449084973741,-30.3249991916322,-27.057260484027
MYD03.A2017156.0450.061.2018029173013.hdf,2017-06-05 04:50,61,80253,D,147.776014762361,-9.64943016281848,-30.6622368404775,121.101840575303,147.78009620439,123.735973186012,121.079803522765,142.592546463596,-27.2348458397149,-30.6851722970087,-12.5487849749123,-9.59907686250872
MYD03.A2017156.0455.061.2018029172815.hdf,2017-06-05 04:55,61,80253,D,142.313354026522,8.14766502343746,-12.759009717629,117.514013629157,142.319172928286,121.109780247436,117.505791220111,138.470038216641,-9.72409703405736,-12.77841079782,5.16679567812595,8.16452785371195
MYD03.A2017156.0500.061.2018029172308.hdf,2017-06-05 05:00,61,80254,D,138.342360092404,26.0682389444744,5.09548869653507,112.611591033247,138.401089362769,117.524826921984,112.549727947882,135.288472196342,8.08155227010318,5.07793454382462,22.8082514109988,26.2054218804922
MYD03.A2017156.0505.061.2018029172318.hdf,2017-06-05 05:05,61,80254,D,135.314867089867,44.0915208123185,22.7503044339178,105.246225432233,135.552887585713,112.631552557502,105.055561146602,133.051990411133,26.0073035206081,22.7352325249831,40.0594376265473,44.3528261370888
MYD03.A2017156.0510.061.2018029173259.hdf,2017-06-05 05:10,61,80254,D,133.094301831178,61.9943007496938,40.0461333519621,92.0614511576034,133.545768396198,105.280943056862,91.7636531606889,132.217843894227,44.0209815788332,40.0373554438123,56.0989713533684,62.3359369210592
MYD03.A2017156.0515.061.2018029172944.hdf,2017-06-05 05:15,61,80254,D,138.286805411164,79.9188539860391,56.1463854255462,62.4296702814035,133.034485808274,92.1339747810256,62.0467193260373,138.635457809355,61.8807491357529,56.1419742938186,68.478664541166,80.0912578002658
MYD03.A2017156.0520.061.2018029172901.hdf,2017-06-05 05:20,61,80254,D,180,89.9866435399836,68.7109262923189,-180,139.967231392416,62.6107906280694,9.93609762394207,-74.0651461969971,79.5172905936377,68.7102096278795,69.3456592275622,81.3922107812319
MYD03.A2017156.0525.061.2018029173602.hdf,2017-06-05 05:25,61,80254,D,9.68418421513243,82.2015635339165,58.0071554852088,-75.1719538496501,-77.4806355969331,9.68623069145974,-22.7412661563643,-65.9037359909122,81.7811773104788,69.7218041286194,57.7691202082749,63.7624768332368
MYD03.A2017156.0530.061.2018029172316.hdf,2017-06-05 05:30,61,80254,B,-23.3327913097147,64.276478152451,42.1360165790749,-66.5647016196252,-66.6311322294558,-23.331361699732,-37.2510351918389,-66.5646433847582,64.2435859761562,58.0704975703773,41.9936918605572,45.9506002919654
MYD03.A2017156.0535.061.2018029172500.hdf,2017-06-05 05:35,61,80254,N,-37.7285417053881,46.3688501224817,25.0143970360974,-68.6492368373971,-66.8638900068264,-37.7251002481411,-45.2332234337647,-68.6709082031713,46.388518991323,42.2034534314372,24.9379622237565,28.111919910353
MYD03.A2017156.0540.061.2018029172346.hdf,2017-06-05 05:40,61,80254,N,-45.5641706668438,28.4305866054039,7.39072074918056,-71.5726490443375,-68.8201248683515,-45.5589200944138,-50.522710003876,-71.5938814581232,28.4596665852716,25.0860625020462,7.36089730464359,10.3034143674099
MYD03.A2017156.0545.061.2018029172238.hdf,2017-06-05 05:45,61,80254,N,-50.6893100961075,10.4942394460584,-10.454769652762,-75.394209673839,-71.6644700156356,-50.6827994968283,-54.4268235977434,-75.4008068288584,10.5247334971291,7.46180321400276,-10.4735416726036,-7.4095124798792
MYD03.A2017156.0550.061.2018029172356.hdf,2017-06-05 05:50,61,80254,N,-54.4273615693535,-7.33473925798089,-28.3668023504467,-80.6218599367665,-75.4283111271406,-54.2345806418812,-57.2604177481112,-80.6290411531857,-7.30913020370222,-10.4017167680555,-28.521129483445,-24.9756081065829
MYD03.A2017156.0555.061.2018029173003.hdf,2017-06-05 05:55,61,80254,N,-57.2308151331916,-24.904864242907,-46.3358080499765,-88.5957592157397,-80.6005855277956,-56.8569730402267,-59.2045187060344,-88.6535892393116,-24.890152368874,-28.3122424912743,-46.6160138015999,-42.0650890549917
MYD03.A2017156.0600.061.2018029172632.hdf,2017-06-05 06:00,61,80254,N,-59.1623461964686,-42.0115178835599,-64.1666094122236,-103.05464121339,-88.5559570835395,-58.5832883546245,-59.422475669621,-103.289634751663,-42.0016540479996,-46.2615371532299,-64.50120087662,-57.7191175302826
MYD03.A2017156.0605.061.2018029173705.hdf,2017-06-05 06:05,61,80254,N,-49.0109286465018,-57.7427253079471,-82.0063664861592,-135.583761347002,-102.969732984096,-58.4721240216313,-48.2613759202999,-135.871980876528,-57.737950903178,-64.0125057881641,-82.0189972207926,-69.0913161459609
MYD03.A2017156.0610.061.2018029173351.hdf,2017-06-05 06:10,61,80254,N,180,-68.5568067350154,-89.9945793312343,-180,-135.379837707213,-47.3004316352057,94.8842291864801,172.958700098876,-69.3142712361845,-81.4188232770128,-79.390648202904,-68.2235263204724
MYD03.A2017156.0615.061.2018029172812.hdf,2017-06-05 06:15,61,80254,B,172.657240335525,-56.2931596656681,-80.2059454554844,94.0282472989582,172.659281468576,92.0423812937525,101.16671681117,143.326782459852,-68.5931781351963,-79.8035711755897,-61.8440922054318,-56.0517917916678
MYD03.A2017156.0620.061.2018029172540.hdf,2017-06-05 06:20,61,80254,D,142.710694838031,-40.3709683238117,-62.3664748184079,100.570082435547,142.712051867978,100.64408217654,100.568378634893,129.760692064973,-56.3600521834537,-62.3357799438816,-44.1195132878492,-40.2159547635186
MYD03.A2017156.0625.061.2018029172420.hdf,2017-06-05 06:25,61,80254,D,129.229936210114,-23.2868734289522,-44.5420257085771,98.5496506233063,129.233167571923,100.407937038711,98.5274868542382,122.062183957079,-40.4446945588456,-44.5609942216771,-26.3523897095512,-23.1944852057296
MYD03.A2017156.0630.061.2018029173440.hdf,2017-06-05 06:30,61,80254,D,121.647812641141,-5.68980162505557,-26.6625127885013,95.6591468011562,121.651742657167,98.4971763719497,95.6391590506065,116.846707076765,-23.3595416999404,-26.6859250761023,-8.58046053860228,-5.64921873687117
MYD03.A2017156.0635.061.2018029173121.hdf,2017-06-05 06:35,61,80254,D,116.60539713919,12.1452019020227,-8.76074919700256,91.8299568324754,116.61168702551,95.668423174546,91.8128268931011,112.958557382462,-5.7644353176601,-8.78005149289609,9.13243522828194,12.1867015374474
MYD03.A2017156.0640.061.2018029172355.hdf,2017-06-05 06:40,61,80255,D,112.875669188219,30.0736351611914,9.06229809253727,86.5253425293322,112.953917498114,91.8397342872148,86.4385914490167,109.975785494207,12.0803351783545,9.04471058514449,26.6962511968424,30.2403084797091
MYD03.A2017156.0645.061.2018029172542.hdf,2017-06-05 06:45,61,80255,D,110.008854049257,48.0924687359477,26.6452676838239,78.2670686952712,110.275115026452,86.5489276958335,78.0686435799342,107.93771957093,30.0124849882751,26.629785551418,43.779350997206,48.3767790737865
MYD03.A2017156.0650.061.2018029172358.hdf,2017-06-05 06:50,61,80255,D,107.9852999428,65.9958362468944,43.7714382693513,62.7799774964921,108.525577723616,78.3116544772621,62.4221390092194,107.731785918075,48.0185256368763,43.7598085242369,59.3427964250624,66.3281586145017
MYD03.A2017156.0655.061.2018029172523.hdf,2017-06-05 06:55,61,80255,D,121.32399402286,83.9216995842083,59.42357676151,26.9779418535508,108.670374985443,62.8652528062017,26.6905702550912,122.508739998014,65.8513481724363,59.419253431032,70.0232525941856,83.8892526432603
MYD03.A2017156.0700.061.2018029173833.hdf,2017-06-05 07:00,61,80255,D,180,89.9897131132778,67.8135040263554,-180,123.900865312127,27.188977231838,-24.6339534955518,-94.4697317737941,83.2664263001094,70.3173477076261,67.4873655681276,77.5025213475378
MYD03.A2017156.0705.061.2018029172456.hdf,2017-06-05 07:05,61,80255,B,-25.0460897347451,78.1979691165656,54.653799306177,-95.0193938851492,-96.4732244521492,-25.0441086138146,-51.6702820215483,-90.5726567197621,77.9512931908523,67.8524760101643,54.4410312934345,59.7865804028602
MYD03.A2017156.0710.061.2018029172548.hdf,2017-06-05 07:10,61,80255,N,-52.2471207533497,60.276992058886,38.3821822105399,-91.6641407679777,-91.1251786035277,-52.2458281050365,-64.1132819082156,-91.6715161358261,60.2700959263551,54.7197849023307,38.2564901678487,41.968192151487
MYD03.A2017156.0715.061.2018029173136.hdf,2017-06-05 07:15,61,80255,N,-64.5585041570613,42.3673866531123,21.1107553711465,-93.9551497249483,-91.9277985193971,-64.5545589641761,-71.299325473981,-93.9783879151808,42.3895263874018,38.4502205295866,21.0461667336817,24.1321875292492
MYD03.A2017156.0720.061.2018029172311.hdf,2017-06-05 07:20,61,80255,N,-71.5951478937082,24.4248150578174,3.42389592576191,-97.0610265009067,-94.1081435650861,-71.5895916590996,-76.2069618167263,-97.0796037021404,24.4548060987304,21.1826865212332,3.39889694980756,6.34170549721112
MYD03.A2017156.0725.061.2018029173059.hdf,2017-06-05 07:25,61,80255,N,-76.3574940992678,6.50172277690101,-14.451162228727,-101.136422299796,-97.1411136535734,-76.2895718257126,-79.8492722628282,-101.142802447847,6.53398069903228,3.48524000815907,-14.4984606858326,-11.3594171370395
MYD03.A2017156.0730.061.2018029172849.hdf,2017-06-05 07:30,61,80255,N,-79.8403560203169,-11.28462585801,-32.3619774638945,-106.802573456842,-101.148512435035,-79.6138272474741,-82.497729501543,-106.809975848861,-11.2630644557314,-14.3982880162524,-32.5459217276915,-28.836538043633
MYD03.A2017156.0735.061.2018029172640.hdf,2017-06-05 07:35,61,80255,N,-82.4642132642173,-28.7660221349622,-50.314808626579,-115.746262822604,-106.778312201024,-82.0489430543687,-84.1873976074968,-115.835788713233,-28.7523976527889,-32.3042481563602,-50.6201215891055,-45.7223507759412
MYD03.A2017156.0740.061.2018029172530.hdf,2017-06-05 07:40,61,80255,N,-83.587888042144,-45.6806269289694,-68.1478610319936,-132.815628152017,-115.699552763655,-83.5007954134366,-83.589808810816,-133.096586445926,-45.6719942920871,-50.234311683769,-68.4648879397141,-60.8286467015305
MYD03.A2017156.0745.061.2018029173419.hdf,2017-06-05 07:45,61,80255,N,-58.9921165323231,-60.8837831088899,-85.9869115377173,-171.581713803118,-132.711730759697,-82.6066218841997,-56.1466943235142,-171.750606230287,-60.8806623122894,-67.9509419401682,-85.5585580949169,-70.254595307011
MYD03.A2017156.0750.061.2018029174156.hdf,2017-06-05 07:50,61,80255,N,180,-66.4460524013754,-89.9957968755198,-180,-171.351510347221,-56.4164051526665,73.3939911965092,139.310149546726,-70.5325249112648,-84.9202197500352,-75.5145206647841,-66.1292263617633
MYD03.A2017156.0755.061.2018029173041.hdf,2017-06-05 07:55,61,80255,B,138.865662082248,-52.9129895018116,-76.2240477062697,72.9430120615349,138.867556785968,71.6494206128234,76.5324073507229,114.718915955852,-66.4934193683695,-75.9758963573356,-57.8945495650251,-52.6929910430941
MYD03.A2017156.0800.061.2018029173551.hdf,2017-06-05 08:00,61,80255,D,114.108720101625,-36.6242404217227,-58.3867742793896,75.4850693748197,114.109952598735,76.1282855158154,75.4762982588589,102.98886464589,-52.9821053196561,-58.3813717543802,-40.157283116194,-36.4853300753203
MYD03.A2017156.0805.061.2018029172757.hdf,2017-06-05 08:05,61,80255,D,102.485229922358,-19.3892304405729,-40.5573276622654,73.2544110204748,102.488928423712,75.3555397507491,73.2310803646152,96.0218282972153,-36.6983914662888,-40.5778242437411,-22.3832074656845,-19.3113253484275
MYD03.A2017156.0810.061.2018029172728.hdf,2017-06-05 08:10,61,80255,D,95.6500105300119,-1.72377892585795,-22.6654650760703,70.1742826627535,95.6554150608652,73.2182460731027,70.1573815767964,91.1764927905915,-19.4618690363945,-22.6875602900689,-4.62292544300862,-1.69028593500375
MYD03.A2017156.0815.061.2018029175054.hdf,2017-06-05 08:15,61,80255,D,90.961567945528,16.1424285151294,-4.77161173434905,66.0816428650245,90.9680470786478,70.1844779564416,66.0518649364435,87.4884894955728,-1.79848407434059,-4.79052934313563,13.0815347471123,16.2095088770203
MYD03.A2017156.0820.061.2018029172531.hdf,2017-06-05 08:20,61,80256,D,87.4505334130674,34.0743018123589,13.0144103672969,60.3306234936211,87.4878021635641,66.0928520568435,60.1984883985205,84.6296286886766,16.0727278210141,12.9975696816653,30.5554568995525,34.2679938112273
MYD03.A2017156.0825.061.2018029172535.hdf,2017-06-05 08:25,61,80256,D,84.6644126503302,52.0867243489235,30.5179722928387,50.9721112024781,85.110079434764,60.3587832828476,50.7822220108534,82.9901126553478,34.0178464443312,30.4982165406801,47.4400853580321,52.3894271195746
MYD03.A2017156.0830.061.2018029173020.hdf,2017-06-05 08:30,61,80256,D,83.632200269459,69.9942519646346,47.4333640832882,32.5439253843494,83.6097089678448,51.0219156782407,32.1305743268515,83.6347610944558,52.0068099406775,47.4250253320705,62.3768983104131,70.3113476349773
MYD03.A2017156.0835.061.2018029173507.hdf,2017-06-05 08:35,61,80256,D,123.920435758209,87.9221930366833,62.5003655586439,-9.83524794538532,84.6763748494714,32.6475024387103,-9.9311620159794,130.072903809853,69.8066052249853,62.4982356655323,70.844165105899,87.0929894213658
MYD03.A2017156.0840.061.2018029173206.hdf,2017-06-05 08:40,61,80256,D,180,89.9887453829118,65.412105915034,-180,126.493484217007,-9.60393511472337,-57.5612326966146,-117.07578543083,86.486600814487,71.1770446734942,65.1084427440375,73.577091090475
MYD03.A2017156.0845.061.2018029172510.hdf,2017-06-05 08:45,61,80256,B,-58.0788912464138,74.1991909227939,51.1700628879039,-117.388774972218,-118.419684063994,-58.0770551359541,-79.9271590411435,-115.347366645663,74.0492895765391,65.4593795168985,50.9796119276868,55.8168166471738
MYD03.A2017156.0850.061.2018029172530.hdf,2017-06-05 08:50,61,80256,N,-80.482321957034,56.2829710077752,34.5863750571661,-116.773413761578,-115.757957267695,-80.4806470301943,-90.7337350510703,-116.786349785826,56.2907192784538,51.2377312544829,34.4755211100902,37.9902748143614
MYD03.A2017156.0855.061.2018029172507.hdf,2017-06-05 08:55,61,80256,N,-91.1484809699535,38.364957046166,17.2002330894074,-119.300325195319,-117.053096740123,-91.1440992587697,-97.2596601956717,-119.323553018322,38.3868457675037,34.6550065146028,17.1377557699842,20.1628879804176
MYD03.A2017156.0900.061.2018029172505.hdf,2017-06-05 09:00,61,80256,N,-97.5638223152877,20.423119511837,-0.555226941900643,-122.595301237115,-119.434478946439,-97.5398249459688,-101.859715380351,-122.611132413213,20.4580905736601,17.2676891859817,-0.566503648537848,2.38458944645019
MYD03.A2017156.0905.061.2018029173355.hdf,2017-06-05 09:05,61,80256,N,-101.928714362544,2.51831264389399,-18.4460164832509,-126.949468177154,-122.6606473555,-101.840295575314,-105.233929382369,-126.956087924256,2.54760013920376,-0.495355845989094,-18.5256557158833,-15.2923166448772
MYD03.A2017156.0910.061.2018029172528.hdf,2017-06-05 09:10,61,80256,N,-105.219771234009,-15.2176066044916,-36.3527612660534,-133.132479345029,-126.94153735693,-104.953765822709,-107.69438871154,-133.140092897369,-15.2000256579339,-18.3932863533005,-36.5651916420118,-32.6647556161832
MYD03.A2017156.0915.061.2018029172530.hdf,2017-06-05 09:15,61,80256,N,-107.65683647472,-32.59453618054,-54.2890659058552,-143.264462575243,-133.104665983627,-107.196088910622,-109.080359721575,-143.390578047191,-32.5819430809664,-36.2911850349404,-54.616098504714,-49.302597786323
MYD03.A2017156.0920.061.2018029173817.hdf,2017-06-05 09:20,61,80256,N,-107.308065262056,-49.2758773501652,-72.1272284887781,-163.651611398049,-143.209453373812,-108.328089706068,-107.259930862674,-163.971648066559,-49.2685189585615,-54.1995102029325,-72.4098872737871,-63.6893346352995
MYD03.A2017156.0925.061.2018029173401.hdf,2017-06-05 09:25,61,80256,N,-29.023490925661,-63.7827347570152,-89.9662812952012,151.479166869304,-163.523736856054,-106.232767415471,-19.5015582124448,151.499276298143,-63.7807669400648,-71.8722356279481,-87.2972352172288,-70.6473635229864
MYD03.A2017156.0930.061.2018029173431.hdf,2017-06-05 09:30,61,80256,N,180,-63.8886215533288,-89.9928344096422,-180,151.717856486303,-30.5786334062005,50.4130124595833,107.113860967474,-71.0085423945931,-86.97567002152,-71.6061985647736,-63.6184583479779
MYD03.A2017156.0935.061.2018029172759.hdf,2017-06-05 09:35,61,80256,B,106.637035372729,-49.4146490231482,-72.2443341464298,50.1456887394978,106.638776047134,49.1498883869606,51.7443553368671,86.6987371233154,-63.9442092615946,-72.0864602946727,-53.9456368795148,-49.2145514891911
MYD03.A2017156.0940.061.2018029173749.hdf,2017-06-05 09:40,61,80256,D,86.1031936186372,-32.8335920786835,-54.4099953288471,50.3477557816125,86.1049026139292,51.4312987470296,50.3338731054987,76.4358111822547,-49.4851389473142,-54.4198901612281,-36.192597088549,-32.709839089934
MYD03.A2017156.0945.061.2018029172636.hdf,2017-06-05 09:45,61,80256,D,75.9608635060346,-15.4739193463579,-36.5688227308013,47.9485042218084,75.9650229619328,50.2711478013602,47.9192029969914,70.0819094429586,-32.9079213629961,-36.5895787423044,-18.4137060028537,-15.4074170501679
MYD03.A2017156.0950.061.2018029172618.hdf,2017-06-05 09:50,61,80256,D,69.7433195829382,2.25229434801578,-18.6664941653844,44.6426671914276,69.7490291717913,47.9001081277313,44.6300361271254,65.5509779883077,-15.5464273255275,-18.6875975366457,-0.671895821778164,2.27808071735569
MYD03.A2017156.0955.061.2018029172734.hdf,2017-06-05 09:55,61,80257,D,65.3720722492498,20.1439349671261,-0.78725675397694,40.256011239467,65.3787241303549,44.6537136242106,40.2116878217101,62.0546343154657,2.17749903207599,-0.805758160163792,17.0172975254379,20.2370867272669
MYD03.A2017156.1000.061.2018029173106.hdf,2017-06-05 10:00,61,80257,D,62.0626469490299,38.0843972345858,16.9538936156998,33.9206020298284,62.2386197434685,40.2688771780849,33.7960405436724,59.5338336413395,20.0850712476071,16.9378365132784,34.3850214587431,38.3057728636709
MYD03.A2017156.1005.061.2018029173402.hdf,2017-06-05 10:05,61,80257,D,59.5716581254316,55.9913258201465,34.3479929699316,23.3599229083506,59.9421496854562,33.9514373777598,23.0907185130496,58.0832299892428,38.0186539053137,34.335909351396,50.92238721255,56.3192079958436
MYD03.A2017156.1010.061.2018029172645.hdf,2017-06-05 10:10,61,80257,D,60.0409416018011,73.9969528232816,50.9461292978183,1.06565932916534,58.7855523210403,23.4108631955621,0.640117360230263,60.1030622669917,55.905990250486,50.9392944235968,65.1380902843364,74.2831773629212
MYD03.A2017156.1015.061.2018029173301.hdf,2017-06-05 10:15,61,80257,D,180,89.9869180510365,65.2989488783667,-180,61.3071768267181,1.19397149873078,-47.0533281243755,-176.813766150675,73.749205547972,65.2975735656075,70.835066762534,86.6193221640379
MYD03.A2017156.1020.061.2018029173741.hdf,2017-06-05 10:20,61,80257,D,-46.980950500721,88.1238566228711,62.6233687033647,175.895638462003,172.246464785565,-46.9779741334761,-89.1100389810773,-140.748854203163,86.6669235756135,71.2444736674387,62.3754487696304,69.6202932158003
MYD03.A2017156.1025.061.2018029175227.hdf,2017-06-05 10:25,61,80257,B,-89.6100856128055,70.196523863832,47.5871346760263,-140.940957710546,-141.761504899669,-89.6084193578374,-107.66890531937,-140.284215612777,70.1066991369328,62.6771630939587,47.4108633779438,51.837119929614
MYD03.A2017156.1030.061.2018029173308.hdf,2017-06-05 10:30,61,80257,N,-108.220811391878,52.285841055412,30.7480511677153,-142.026379275214,-140.66904483951,-108.217430693234,-117.180265179956,-142.043787157723,52.3021146674496,47.6561642199444,30.655984862091,34.0048156711128
MYD03.A2017156.1035.061.2018029172625.hdf,2017-06-05 10:35,61,80257,N,-117.542709944872,34.3597872963376,13.2473627267404,-144.682228218348,-142.225940015656,-117.537912364498,-123.129538114174,-144.70568584283,34.3865397465196,30.8170613140328,13.2039006325566,16.1791834145578
MYD03.A2017156.1040.061.2018029172614.hdf,2017-06-05 10:40,61,80257,N,-123.354822297498,16.4166854527328,-4.54480089795315,-148.18017712145,-144.801759461291,-123.348712340622,-127.412326514509,-148.190967837442,16.4477054330389,13.3197996854415,-4.5531992364498,-1.56281373873024
MYD03.A2017156.1045.061.2018029172559.hdf,2017-06-05 10:45,61,80257,N,-127.466430056077,-1.46370243765201,-22.4484473065031,-152.850845568265,-148.231171741957,-127.337598420079,-130.577423284331,-152.857701882858,-1.43587053549854,-4.48885751036345,-22.5585410272396,-19.2139516980547
MYD03.A2017156.1050.061.2018029173500.hdf,2017-06-05 10:50,61,80257,N,-130.558872477266,-19.1393146585476,-40.3471643310739,-159.646098137905,-152.836068973727,-130.251694705603,-132.841264167305,-159.670283761386,-19.1234841071469,-22.3949672191315,-40.5875487520253,-36.4581045740924
MYD03.A2017156.1055.061.2018029173115.hdf,2017-06-05 10:55,61,80257,N,-132.80115232856,-36.3930450580384,-58.1847304548634,-171.176583613033,-159.614184452181,-132.297103442758,-133.84752559741,-171.34489023578,-36.3815357427773,-40.2809576817761,-58.5220485238089,-52.7168378316872
MYD03.A2017156.1100.061.2018029172935.hdf,2017-06-05 11:00,61,80257,N,-130.28418703956,-52.7045921165027,-76.1121473645006,164.164340781436,-171.113989590048,-133.080873971599,-130.130238869244,163.822317509958,-52.6983782668345,-58.0772443913685,-76.3419434547246,-66.2154524300736
MYD03.A2017156.1105.061.2018029173744.hdf,2017-06-05 11:05,61,80257,N,180,-66.3562700194922,-89.9937331204695,-180,164.32803867395,-128.86804772154,4.82074054018799,114.750370010466,-66.353377069937,-75.7708363656004,-84.8558949604785,-70.2214137192012
MYD03.A2017156.1110.061.2018029174041.hdf,2017-06-05 11:10,61,80257,N,114.708029584943,-60.9965603657041,-86.0985355158648,1.1847029455679,114.70996158782,-2.37159034556236,26.4254905330327,76.2539979466192,-70.6268952271711,-85.0711275784875,-67.6699484525437,-60.7545225249369
MYD03.A2017156.1115.061.2018029172826.hdf,2017-06-05 11:15,61,80257,B,75.7495781270581,-45.818878231348,-68.2605599280499,26.2518834428885,75.7511541643835,25.6431810503494,26.8400257564421,59.141803919673,-61.0580074345682,-68.1707830074651,-49.9815605071064,-45.6378779234555
MYD03.A2017156.1120.061.2018029172816.hdf,2017-06-05 11:20,61,80257,D,58.5672341216189,-29.002641797637,-50.4319226400151,25.1819297159299,58.5696096716357,26.6180972000861,25.1575519125451,50.0654445684645,-45.8902426981486,-50.4475600076294,-32.2228376402785,-28.8930635145393
MYD03.A2017156.1125.061.2018029172752.hdf,2017-06-05 11:25,61,80257,D,49.6202378572791,-11.5382947998591,-32.5735885886358,22.5669934045085,49.6248075983827,25.1055439316034,22.5443286808711,44.230534426797,-29.0771279068112,-32.5939576230645,-14.4468457908216,-11.4820948338151
MYD03.A2017156.1130.061.2018029173011.hdf,2017-06-05 11:30,61,80257,D,43.9244620749529,6.23627802633168,-14.6683801514816,19.0637217937419,43.9304046896061,22.5479218250425,19.0558663072588,39.9759782507714,-11.6107314747225,-14.6878902550791,3.27837516077162,6.25793993270149
MYD03.A2017156.1135.061.2018029173146.hdf,2017-06-05 11:35,61,80258,D,39.8080206480153,24.1505124541697,3.19390871020798,14.3470669858684,39.8718943437231,19.0765171380093,14.2846314577177,36.6930328159268,6.16860458157594,3.17401276794797,20.939661903562,24.2707084113401
MYD03.A2017156.1140.061.2018029173334.hdf,2017-06-05 11:40,61,80258,D,36.7131997392961,42.0892242900949,20.8812995617696,7.34449238359464,36.9318287565556,14.3614645367367,7.20489932082009,34.371549986484,24.0923357713157,20.8668883227971,38.1807657264337,42.3381045748885
MYD03.A2017156.1145.061.2018029173301.hdf,2017-06-05 11:45,61,80258,D,34.412226616622,59.9916211144559,38.1501763363923,-4.85022432509878,34.8349358751772,7.37841564336809,-5.155439182175,33.3030466091511,42.0203987261912,38.139307123131,54.395194422297,60.329880328853
MYD03.A2017156.1150.061.2018029172805.hdf,2017-06-05 11:50,61,80258,D,37.5636231315874,78.0030002340393,54.4391033086467,-31.9146465963702,34.0833632604655,-4.78805642516518,-32.3336234436363,37.7695629074006,59.8893910511179,54.4335445939209,67.5094183411509,78.2262651355408
MYD03.A2017156.1155.061.2018029174117.hdf,2017-06-05 11:55,61,80258,D,180,89.9873786961777,67.7219745488056,-180,39.1686148803083,-31.7569407838977,-83.6800967071232,-177.349095779318,77.6630444360006,67.7212416159649,70.004773235844,83.194781077241
MYD03.A2017156.1200.061.2018029175406.hdf,2017-06-05 12:00,61,80258,D,-83.8356182886729,84.1180329529552,59.5582774210403,-179.231628109231,178.074755197308,-83.833591370303,-119.327857524284,-164.944137797221,83.545075939817,70.3892532055812,59.3048128087768,65.6580261376594
MYD03.A2017156.1205.061.2018029173335.hdf,2017-06-05 12:05,61,80258,B,-119.92421558644,66.1902118979649,43.910978994644,-165.291124800658,-165.724783125801,-119.922387767754,-135.016510130251,-165.286676767395,66.1439445139673,59.6164680326275,43.7633676974909,47.8518354057103
MYD03.A2017156.1210.061.2018029173830.hdf,2017-06-05 12:10,61,80258,N,-135.502620316081,48.2841667463697,26.8758340233054,-167.269443588188,-165.611021432437,-135.499462264335,-143.430891525572,-167.289997656236,48.3025328430095,43.9806456318118,26.792941644667,30.0190303797999
MYD03.A2017156.1215.061.2018029173334.hdf,2017-06-05 12:15,61,80258,N,-143.776262512916,30.3467821968131,9.28627798662478,-170.104797306509,-167.446751520685,-143.771146370127,-148.922019197824,-170.127063470771,30.375108391438,26.9452122423975,9.25226383898174,12.2003749573994
MYD03.A2017156.1220.061.2018029173359.hdf,2017-06-05 12:20,61,80258,N,-149.110179755179,12.4093154852962,-8.54358679033807,-173.82197514678,-170.209544269853,-149.103824533625,-152.943348277535,-173.827978527756,12.4404399972108,9.35905354214146,-8.54912371428663,-5.5114821990927
MYD03.A2017156.1225.061.2018029172751.hdf,2017-06-05 12:25,61,80258,N,-152.956476719636,-5.44006179931534,-26.4549113209314,-178.852504416077,-173.856800816342,-152.787838759435,-155.882228023985,-178.859583704882,-5.4143657954676,-8.4904044431953,-26.5951798938438,-23.1199567197806
MYD03.A2017156.1230.061.2018029173158.hdf,2017-06-05 12:30,61,80258,N,-155.858618508714,-23.0454275703797,-44.3421657592915,173.620967775517,-178.835407890335,-155.509784863715,-157.933355133829,173.572327671319,-23.0304788632125,-26.3997632732621,-44.6095847688649,-40.209797302204
MYD03.A2017156.1235.061.2018029173437.hdf,2017-06-05 12:35,61,80258,N,-157.891382890777,-40.1527530819151,-62.1735277213578,160.2527275858,173.657820358514,-157.334337944994,-158.451068822713,160.041409610233,-40.1424273370271,-44.2708135691695,-62.5114348697382,-56.0903492317787
MYD03.A2017156.1240.061.2018029173811.hdf,2017-06-05 12:40,61,80258,N,-151.097761915964,-56.1004183111123,-80.1031316859219,130.462012831739,160.328759526929,-157.53614842549,-150.654343925037,130.09240454709,-56.0955106165096,-62.0368317792565,-80.2127136390763,-68.2960683573916
MYD03.A2017156.1245.061.2018029173813.hdf,2017-06-05 12:45,61,80258,N,180,-68.525306646686,-89.9919481878377,-180,130.651912856285,-149.428772795942,-6.99440418349493,78.854956685807,-68.5246305312043,-79.6102592104118,-81.201544376909,-69.0639713583386
MYD03.A2017156.1250.061.2018029173158.hdf,2017-06-05 12:50,61,80258,N,78.6433025803623,-57.857040797475,-82.1092060495722,-8.28646758501708,78.6563389588392,-10.4736469771719,2.17209518194774,46.5235397991817,-69.4131244714205,-81.5971787881245,-63.7251244331852,-57.6152375319521
MYD03.A2017156.1255.061.2018029173001.hdf,2017-06-05 12:55,61,80258,B,45.9458051089098,-42.1450241713247,-64.2715031932113,1.84472582777574,45.9472286169474,1.58483329824484,1.84720054757131,31.9516438853906,-57.922738210911,-64.2251473842304,-46.0142343556282,-41.9817472232122
MYD03.A2017156.1300.061.2018029172830.hdf,2017-06-05 13:00,61,80258,D,31.4016560711614,-25.1418974295724,-46.4455886300155,-0.0736145164413273,31.4046337906527,1.65939023963706,-0.0947521171944784,23.8455311978674,-42.2170091753866,-46.4637090066379,-28.2490329944252,-25.0407420760575
MYD03.A2017156.1305.061.2018029173002.hdf,2017-06-05 13:05,61,80258,D,23.408155441484,-7.58550380423316,-28.5730863275662,-2.87225742744409,23.4132671664674,-0.13046285606034,-2.89349591778002,18.4335960636254,-25.2162682913444,-28.597560615946,-10.4744755236445,-7.53986235980329
MYD03.A2017156.1310.061.2018029173223.hdf,2017-06-05 13:10,61,80258,D,18.1661215460558,10.2365242159473,-10.6692014881894,-6.5845661676721,18.172381976095,-2.86782722044698,-6.60144051475846,14.4280174177056,-7.65767672292013,-10.6901053302518,7.2406033570462,10.2640114922952
MYD03.A2017156.1315.061.2018029172834.hdf,2017-06-05 13:15,61,80259,D,14.3339602496724,28.1612548051568,7.16983132593688,-11.6846117986146,14.4092177178676,-6.57102777993728,-11.7616969215287,11.3667126470842,10.1695503045845,7.15184785890214,24.843612776547,28.3123823194731
MYD03.A2017156.1320.061.2018029173023.hdf,2017-06-05 13:20,61,80259,D,11.391450024791,46.0951630448225,24.7897741025881,-19.4745526737188,11.6544732188414,-11.6676705498388,-19.6465304358762,9.25180510875643,28.103083835364,24.7747346156761,41.9289853956044,46.3682012196753
MYD03.A2017156.1325.061.2018029172839.hdf,2017-06-05 13:25,61,80259,D,9.2983404995147,63.998551362961,41.9111322142043,-33.7260808004753,9.78581361126159,-19.4340523892268,-34.0755652507315,8.70225318747005,46.0229222770007,41.9005313404067,57.7358888869497,64.3360578787657
MYD03.A2017156.1330.061.2018029173026.hdf,2017-06-05 13:30,61,80259,D,17.762793811968,82.0117895183666,57.8064958662336,-66.5897902103049,9.57817945933835,-33.6506937380034,-66.9357491339756,18.4030272281137,63.8705903185854,57.8022552055404,69.3643916640809,82.1056023186732
MYD03.A2017156.1335.061.2018029174148.hdf,2017-06-05 13:35,61,80259,D,180,89.9884593421901,68.7918840061324,-180,19.9315374901808,-66.3991269009047,-119.01677041809,164.994264530504,81.5051484987348,69.6279722914777,68.4406506049203,79.364068404443
MYD03.A2017156.1340.061.2018029173504.hdf,2017-06-05 13:40,61,80259,B,-119.38559009204,80.1085128969507,56.2719727689742,164.21260901684,162.556540113011,-119.383562742766,-148.662419721332,170.565248293403,79.7999213623267,68.8302412848726,56.0534217735544,61.6811618592967
MYD03.A2017156.1345.061.2018029173038.hdf,2017-06-05 13:45,61,80259,N,-149.225485089756,62.181564844585,40.1753442056242,169.643813646137,169.920838305002,-149.224129571635,-162.008791766419,169.639655757946,62.1618908721674,56.3334547857306,40.041688288721,43.8660028983694
MYD03.A2017156.1350.061.2018029172812.hdf,2017-06-05 13:50,61,80259,N,-162.474481477495,44.2760689784079,22.9733072404023,167.447678797814,169.365486904734,-162.470822391293,-169.561342869074,167.424987917808,44.2974946950386,40.2455963554912,22.9029582073829,26.028353511102
MYD03.A2017156.1355.061.2018029173518.hdf,2017-06-05 13:55,61,80259,N,-169.871071911934,26.3310688978532,5.31064653701681,164.430326435013,167.289007098738,-169.865618427096,-174.642313756904,164.410368966204,26.3606075883675,23.0429508581436,5.28488130087073,8.22546480477
MYD03.A2017156.1400.061.2018029173040.hdf,2017-06-05 14:00,61,80259,N,-174.793738604357,8.40327788614119,-12.549148678613,160.472996988654,164.339724612919,-174.763794663823,-178.410348824281,160.466677349692,8.43406788303304,5.37964710396605,-12.5834056401907,-9.47935818380896
MYD03.A2017156.1405.061.2018029173529.hdf,2017-06-05 14:05,61,80259,N,-178.400526549776,-9.40800737233786,-30.4630163903842,155.026503463134,160.453996721632,-178.191489272106,178.855540325216,155.019214281507,-9.38485641496224,-12.4976773384756,-30.6333551853095,-27.0050341797009
MYD03.A2017156.1410.061.2018029173859.hdf,2017-06-05 14:10,61,80259,N,178.883333413206,-26.9305872860628,-48.334967244416,146.618455056695,155.04615367791,179.276336433991,177.044133121978,146.541444329897,-26.9164460381122,-30.4054168660155,-48.627737950055,-43.9083515879372
MYD03.A2017156.1415.061.2018029172924.hdf,2017-06-05 14:15,61,80259,N,177.21739655353,-43.8615518762616,-66.1665067443926,130.924364864432,146.66146367554,177.702163520855,177.200912120169,130.667095824387,-43.8523726394177,-48.2576614622636,-66.493837884892,-59.3061914881811
MYD03.A2017156.1420.061.2018029174001.hdf,2017-06-05 14:20,61,80259,N,-166.8872688219,-59.3445372810642,-84.0948772102984,95.1048051881712,131.01806786244,178.214613263795,-165.445789174888,94.822281966409,-59.3409066926754,-65.9908370645241,-83.9393853368097,-69.7888120501361
MYD03.A2017156.1425.061.2018029174228.hdf,2017-06-05 14:25,61,80259,N,180,-67.5102386822195,-89.9902030330611,-180,95.3268910037037,-164.58993950961,-26.8831111266093,44.4075711987162,-70.0919334840407,-83.2971874696277,-77.3518217392696,-67.2320647373779
MYD03.A2017156.1430.061.2018029173209.hdf,2017-06-05 14:30,61,80259,B,44.0929705144479,-54.5353600325655,-78.1178788417181,-27.5202378231916,44.09492351118,-28.9038644070888,-22.3655130667737,17.6029665191866,-67.5542800015308,-77.8123952427014,-59.7700914931916,-54.3058933514312
MYD03.A2017156.1435.061.2018029174059.hdf,2017-06-05 14:35,61,80259,D,16.9980672396158,-38.4119382025118,-60.2808441384076,-23.2118809717423,16.9993565518208,-22.8152029072239,-23.2176231965139,5.05780710318472,-54.6041842308757,-60.2649079639535,-42.0434364389807,-38.2652710877931
MYD03.A2017156.1440.061.2018029172930.hdf,2017-06-05 14:40,61,80259,D,4.53462908379375,-21.2435789199776,-42.4533289079064,-25.3516382926804,4.53811794781859,-23.3619013532608,-25.3745148744372,-2.24782414349974,-38.4843175236285,-42.4733368504066,-24.2717000253581,-21.1597233220688
MYD03.A2017156.1445.061.2018029172946.hdf,2017-06-05 14:45,61,80259,D,-2.63141687632306,-3.61278632621585,-24.5682332110462,-28.3358549334128,-2.62617578716238,-25.3890579637191,-28.3543114601106,-7.25547830063067,-21.3182458419717,-24.5904377437441,-6.50655540213296,-3.57507149328225
MYD03.A2017156.1450.061.2018029172930.hdf,2017-06-05 14:50,61,80259,D,-7.49319357904875,14.2418574190671,-6.66907816241553,-32.30430210384,-7.48680494232041,-28.3308959974289,-32.3294340600822,-11.0477716039717,-3.68516259912994,-6.6882850998923,11.2045185162289,14.2970726715487
MYD03.A2017156.1455.061.2018029173736.hdf,2017-06-05 14:55,61,80260,D,-11.1073276320517,32.1748046905417,11.1358144804952,-37.8450729477728,-10.986826758824,-32.2891123159269,-37.940433198678,-13.8931156061681,14.1782319209508,11.1184070262829,28.7234158482717,32.3549454720153
MYD03.A2017156.1500.061.2018029172934.hdf,2017-06-05 15:00,61,80260,D,-13.864674876705,50.1009544012637,28.6755632489742,-46.5891860257766,-13.5612656761969,-37.825465092617,-46.7997681329793,-15.7751424483479,32.1151269643904,28.6619602758689,45.6207741186993,50.3984911108831
MYD03.A2017156.1505.061.2018029172952.hdf,2017-06-05 15:05,61,80260,D,-15.6103465496324,68.0070659375481,45.618431155507,-63.4640284054245,-15.1927976373335,-46.5435785879203,-63.8551967002543,-15.624741449131,50.023751051321,45.6098109362034,60.8961096427384,68.3352357182019
MYD03.A2017156.1510.061.2018029173416.hdf,2017-06-05 15:10,61,80260,D,7.07088721034012,86.0215515739537,60.9992081452489,-102.84725222504,-14.6270665439863,-63.3701743388827,-103.043349068221,9.73939771498897,67.8426805462833,60.9960613888524,70.5506834836069,85.7402502642962
MYD03.A2017156.1515.061.2018029173823.hdf,2017-06-05 15:15,61,80260,D,180,89.9893668027846,66.6105837181959,-180,10.0751991136442,-102.629446972727,-152.74467985261,143.247602458827,85.1010993804498,70.8661237501601,66.2890167473449,75.4432348264685
MYD03.A2017156.1520.061.2018029172915.hdf,2017-06-05 15:20,61,80260,B,-153.237574795199,76.0973127674576,52.8376749055473,142.832321866434,141.615282932255,-153.235663497279,-177.222711207683,145.813421261981,75.908868558867,66.6583894314248,52.6394427134206,57.6994336302347
MYD03.A2017156.1525.061.2018029173818.hdf,2017-06-05 15:25,61,80260,N,-177.77733646532,58.1740922509366,36.3885635026367,144.515521234831,145.313731864996,-177.775675340816,171.252582747088,144.505045144582,58.1760899571014,52.9017635855841,36.2709299827711,39.8731951954108
MYD03.A2017156.1530.061.2018029175122.hdf,2017-06-05 15:30,61,80260,N,170.819626324396,40.2638091720294,19.0492632362038,142.122285231038,144.270671342746,170.823742610728,164.42411705791,142.09859059358,40.2877010894287,36.4591821696324,18.9904305798665,22.0391533713435
MYD03.A2017156.1535.061.2018029172903.hdf,2017-06-05 15:35,61,80260,N,164.149735530541,22.3144867351994,1.32490265971606,138.91793258109,141.980528334576,164.15549441062,159.698763813157,138.900990030507,22.3448886067023,19.1191542090578,1.30686210122131,4.25499004086612
MYD03.A2017156.1540.061.2018029173618.hdf,2017-06-05 15:40,61,80260,N,159.584734343364,4.40256500130446,-16.5572288805211,134.696393682309,138.842534259211,159.65579158726,156.183652940168,134.689069182539,4.43248513203472,1.38839177813203,-16.6224244948221,-13.4339650968988
MYD03.A2017156.1545.061.2018029172911.hdf,2017-06-05 15:45,61,80260,N,156.198687341507,-13.3629034709759,-34.4686758664191,128.76848333636,134.696018947835,156.449542417286,153.639070027022,128.761093430964,-13.3434377685129,-16.5065595740273,-34.6682617119878,-30.862412080026
MYD03.A2017156.1550.061.2018029173557.hdf,2017-06-05 15:50,61,80260,N,153.670127893581,-30.78824103045,-52.3233680792705,119.283348217695,128.791424980094,154.107572156576,152.105288151366,119.177140978409,-30.7753326565623,-34.4076501062684,-52.6402744345788,-47.5411339654373
MYD03.A2017156.1555.061.2018029173427.hdf,2017-06-05 15:55,61,80260,N,153.155866448064,-47.5062116683609,-70.1596285844927,100.632958618143,119.334085703573,152.783716658461,153.173204990713,100.332006053722,-47.4982467783442,-52.2397055258122,-70.4642146971314,-62.3082457963996
MYD03.A2017156.1600.061.2018029173601.hdf,2017-06-05 16:00,61,80260,N,-162.230533481443,-62.3813220944559,-88.0861626958767,58.4467391690917,100.752008817833,154.256038107604,-155.692316632511,58.3559732037528,-62.3772363151663,-69.9362592729803,-86.9652780869737,-70.558551310572
MYD03.A2017156.1605.061.2018029173858.hdf,2017-06-05 16:05,61,80260,N,180,-65.1410088102972,-89.99306719898,-180,58.6906172092922,-159.865119153569,-49.337532304055,11.5468766306161,-70.9144940762256,-86.3327543419037,-73.4479365547245,-64.8765458666113
MYD03.A2017156.1610.061.2018029173244.hdf,2017-06-05 16:10,61,80260,B,11.1249143051289,-51.0788370745438,-74.126176057463,-49.6985181896002,11.1267294537972,-50.6216300665016,-47.0930644260541,-10.6850135257087,-65.1938770478679,-73.9365093140266,-55.8082127454723,-50.869985730966
MYD03.A2017156.1615.061.2018029173038.hdf,2017-06-05 16:15,61,80260,D,-11.2796121377858,-34.6313883726592,-56.2917937212103,-48.3292236070908,-11.2782219685403,-47.4387405243913,-48.3409360177355,-21.5962774818365,-51.1497920746779,-56.2957649615485,-38.070218082738,-34.5004527292622
MYD03.A2017156.1620.061.2018029173811.hdf,2017-06-05 16:20,61,80260,D,-22.0905307136898,-17.3280696228389,-38.4568232365774,-50.661537878301,-22.0865853946658,-48.4370635718232,-50.683732219411,-28.2337008412659,-34.7039954253824,-38.4778051740765,-20.2934033167264,-17.2559761324713
MYD03.A2017156.1625.061.2018029173027.hdf,2017-06-05 16:25,61,80260,D,-28.5848631867573,0.367926854034313,-20.5613864984094,-53.8448328573431,-28.5793169398097,-50.6882389965088,-53.859845356453,-32.9063423587775,-17.4027148705831,-20.5825853391686,-2.54189337013925,0.397518481491965
MYD03.A2017156.1630.061.2018029173106.hdf,2017-06-05 16:30,61,80260,D,-33.1082538609708,18.2503586980092,-2.67300722884129,-58.0962712063896,-33.1016706804486,-53.839432348899,-58.1314800816355,-36.4985063700039,0.295541526614595,-2.6916242002867,15.1554761838995,18.3313860092671
MYD03.A2017156.1635.061.2018029173055.hdf,2017-06-05 16:35,61,80261,D,-36.5088832821545,36.1868809461563,15.089435389927,-64.152336912534,-36.3515924939113,-58.0795722720436,-64.2674966386728,-39.1222204593014,18.1883331931399,15.0729627068773,32.5750340323256,36.3956988443196
MYD03.A2017156.1640.061.2018029173122.hdf,2017-06-05 16:40,61,80261,D,-39.0900452184435,54.1017917374435,32.5342288738069,-74.0634970736326,-38.7401684251589,-64.1291664379843,-74.3207799836155,-40.7266357690716,36.125277652782,32.521541820169,49.2404457000112,54.4214970552156
MYD03.A2017156.1645.061.2018029173131.hdf,2017-06-05 16:45,61,80261,D,-39.7104133944204,72.0138984871672,49.2583541314756,-94.3012825015494,-40.1798950241495,-74.0101919892532,-94.7118001629646,-39.6879421815139,54.0198546094259,49.2516239793066,63.8157793717803,72.3238094188296
MYD03.A2017156.1650.061.2018029173816.hdf,2017-06-05 16:50,61,80261,D,180,89.986027736335,63.9522180712832,-180,-38.3405564473092,-94.173938858134,-140.072682339564,51.2810973743398,71.7991191873848,63.9461018073523,70.9430221251422,87.5442525548772
MYD03.A2017156.1655.061.2018029173406.hdf,2017-06-05 16:55,61,80261,D,180,89.9871871816407,63.986680548016,-180,39.3127549547033,-139.867005972074,175.102448670457,119.974677282059,87.2223905295209,71.2976500064436,63.6927660662184,71.4946501622886
MYD03.A2017156.1700.061.2018029173028.hdf,2017-06-05 17:00,61,80261,B,174.533482556089,72.0900959002561,49.2916228082698,119.72436920308,118.846714613733,174.538891332612,154.802807510594,120.965148263004,71.9773721846097,64.0412586179151,49.1139801094418,53.7192798892648
MYD03.A2017156.1705.061.2018029173040.hdf,2017-06-05 17:05,61,80261,N,154.27182258598,54.1735142899265,32.5645911701043,119.331641046262,120.529956449022,154.274115396324,144.735041038021,119.315902106404,54.1843735508096,49.3569043730817,32.4617954647207,35.8878898401584
MYD03.A2017156.1710.061.2018029173437.hdf,2017-06-05 17:10,61,80261,N,144.335454746022,36.2543091348417,15.1127176192293,116.753442061591,119.113505248186,144.339989624705,138.512665992521,116.729753104261,36.2803610444652,32.6357469499291,15.0644189546585,18.0586588737772
MYD03.A2017156.1715.061.2018029174056.hdf,2017-06-05 17:15,61,80261,N,138.273688639345,18.3057739736165,-2.66127065248653,113.364375937489,116.63896292913,138.279715610707,134.098871213404,113.351035852766,18.3358693710921,15.1829553786582,-2.6733314522181,0.297002303820321
MYD03.A2017156.1720.061.2018029173245.hdf,2017-06-05 17:20,61,80261,N,134.021738842653,0.414105267889903,-20.5591587898551,108.834198529163,113.29301372175,134.126670338169,130.814137472574,108.827484408537,0.443529868984032,-2.60199426913412,-20.6558754778192,-17.3655264971949
MYD03.A2017156.1725.061.2018029173004.hdf,2017-06-05 17:25,61,80261,N,130.834713694487,-17.2943792588583,-38.4641538739254,102.343142026779,108.850821792264,131.132960160732,128.4710706124,102.330102335103,-17.2774132116552,-20.5087014553083,-38.6909001090245,-34.6772437618396
MYD03.A2017156.1730.061.2018029173024.hdf,2017-06-05 17:30,61,80261,N,128.505360672435,-34.6048555777084,-56.3064505662815,91.542222546871,102.370048815096,128.987638171682,127.273192041191,91.3914823699957,-34.592754470523,-38.3988944557175,-56.6392944296846,-51.0825461657829
MYD03.A2017156.1735.061.2018029173615.hdf,2017-06-05 17:35,61,80261,N,129.668317388208,-51.0662168360368,-74.1460956224467,69.1467410733606,91.6019797052394,127.949433715168,129.755026183397,68.8147400094119,-51.059603185658,-56.2108009888187,-74.4102711484532,-65.0196220718508
MYD03.A2017156.1740.061.2018029180703.hdf,2017-06-05 17:40,61,80261,N,180,-65.1345933903194,-89.994449348368,-180,69.3001457812345,131.055543658015,-110.129166916374,21.7367838835707,-65.129395414982,-73.8526813542625,-86.3876153988751,-70.5333436267607
MYD03.A2017156.1745.061.2018029174104.hdf,2017-06-05 17:45,61,80261,N,21.8431516361195,-62.3939529117475,-88.0650472167301,-117.236474240187,21.8449703810561,-120.743677681509,-72.8183957150479,-19.8171350817793,-70.8815808343394,-86.3778294669855,-69.5270422204562,-62.1153061903217
MYD03.A2017156.1750.061.2018029174057.hdf,2017-06-05 17:50,61,80261,B,-20.3780814004705,-47.5230004795474,-70.1383631758613,-73.0436521750972,-20.3764289222037,-73.7004903305696,-71.9303009357633,-38.4553771624516,-62.4531469598309,-70.0234665556045,-51.8479879478177,-47.333658589558
MYD03.A2017156.1755.061.2018029173201.hdf,2017-06-05 17:55,61,80261,D,-39.0322204855681,-30.8145427909927,-52.3085241840333,-73.4963888989755,-39.0301455518815,-72.2176307303617,-73.5127394971994,-48.0536768841119,-47.5952219475284,-52.3211555083226,-34.0982603242534,-30.6982816840087
MYD03.A2017156.1800.061.2018029173451.hdf,2017-06-05 18:00,61,80261,D,-48.5181993016929,-13.398124841855,-34.4593261790512,-76.0265901344637,-48.5138276991578,-73.590133391111,-76.0497270365217,-54.1281446083125,-30.8872171752613,-34.4813776648178,-16.3197258185544,-13.3354529893867
MYD03.A2017156.1805.061.2018029173118.hdf,2017-06-05 18:05,61,80261,D,-54.4546190412432,4.35473864957811,-16.5582071077383,-79.4098592946716,-54.4484104244228,-76.0339791355343,-79.420683573201,-58.5136899548269,-13.4726175850428,-16.5797400141062,1.41626440154906,4.37620876702077
MYD03.A2017156.1810.061.2018029173646.hdf,2017-06-05 18:10,61,80262,D,-58.6731174899441,22.2597730576002,1.31464205489089,-83.971883175666,-58.6496313090122,-79.4023754963624,-84.0238247431964,-61.8962975670042,4.28460882182458,1.29594232249949,19.0887922348356,22.3678140432913
MYD03.A2017156.1815.061.2018029173723.hdf,2017-06-05 18:15,61,80262,D,-61.8739800539007,40.1968616619357,19.0272736566589,-90.633283902919,-61.6756399400902,-83.9530618711731,-90.7727396774151,-64.3047341087469,22.1986910721757,19.0116830135889,36.3913101120223,40.4325471447272
MYD03.A2017156.1820.061.2018029173918.hdf,2017-06-05 18:20,61,80262,D,-64.2699310136643,58.103527511291,36.3593269726266,-102.010884715802,-63.8803680221102,-90.606553622598,-102.304424807063,-65.5824215292073,40.1322457724327,36.3479771234693,52.7688967647145,58.4382685195195
MYD03.A2017156.1825.061.2018029173215.hdf,2017-06-05 18:25,61,80262,D,-62.6267491063428,76.0220452901332,52.8061866573455,-126.502171135053,-64.8403432637286,-101.947348553797,-126.930304788026,-62.508527921775,58.0077707162205,52.7999305261329,66.3974886910206,76.2790828982929
MYD03.A2017156.1830.061.2018029174543.hdf,2017-06-05 18:30,61,80262,D,180,89.9852707660857,66.5844633975179,-180,-61.208160369983,-126.358750996459,-176.80778143562,76.0269908041063,75.732940595102,66.5837274529552,70.5205069453642,84.9908005338976
MYD03.A2017156.1835.061.2018029173253.hdf,2017-06-05 18:35,61,80262,D,-176.839078590477,86.0979449456664,61.041510354994,72.588891351669,69.3038731115854,-176.837115703106,144.284662124167,96.0259309312891,85.2542491587925,70.8924524086884,60.7706895729436,67.5321050571868
MYD03.A2017156.1840.061.2018029174212.hdf,2017-06-05 18:40,61,80262,B,143.678397508205,68.0836720289862,45.6562126585022,95.8662776279165,95.1837940951746,143.679975991325,127.279561241792,96.0241631486736,68.0208166054837,61.1002330012411,45.5002068445682,49.7367796208123
MYD03.A2017156.1845.061.2018029173117.hdf,2017-06-05 18:45,61,80262,N,126.785123661897,50.1723851628691,28.7086690468328,94.2103655311547,95.7653512297134,126.7869748984,118.395051245671,94.1887081242231,50.1854250859868,45.7227525709388,28.6192979726455,31.9000338336352
MYD03.A2017156.1850.061.2018029174243.hdf,2017-06-05 18:50,61,80262,N,118.027415045723,32.2367251018075,11.15996083701,91.3457850739585,93.9065268608152,118.034904152856,112.685997740705,91.3238923942611,32.2609544080265,28.779594232998,11.122156199924,14.0887997544742
MYD03.A2017156.1855.061.2018029173100.hdf,2017-06-05 18:55,61,80262,N,112.487569520126,14.2998942043119,-6.65529385877127,87.7366597487738,91.2359659843818,112.493834795675,108.552786092173,87.7285991987316,14.331212334239,11.2306296189196,-6.6604647778998,-3.64808080752891
MYD03.A2017156.1900.061.2018029173354.hdf,2017-06-05 19:00,61,80262,N,108.517239817851,-3.5618483171422,-24.5612406465218,82.8806322436124,87.6920231319078,108.668553749759,105.50699405999,82.8736487842159,-3.53483017416623,-6.59942175996569,-24.6876397385619,-21.2760088056373
MYD03.A2017156.1905.061.2018029173148.hdf,2017-06-05 19:05,61,80262,N,105.532522584004,-21.2049273888146,-42.455474004943,75.7207009190977,82.899136023391,105.86162161043,103.359388174288,75.6828084521059,-21.1895803760203,-24.5084201688606,-42.7099942287448,-38.4453234932607
MYD03.A2017156.1910.061.2018029173356.hdf,2017-06-05 19:10,61,80262,N,103.395839511212,-38.380564888114,-60.2879305640629,63.272105901594,75.7520468113541,103.925982665784,102.588760920026,63.0808520445397,-38.3696375017838,-42.3852477501974,-60.6266587127328,-54.5120169659366
MYD03.A2017156.1915.061.2018029173426.hdf,2017-06-05 19:15,61,80262,N,107.50085000412,-54.515514453423,-78.1282841915719,36.201912597372,63.3436718111388,103.314790628411,107.755386582664,35.8667571944988,-54.5101179407641,-60.1705395209648,-78.3150704128017,-67.3341990695466
MYD03.A2017156.1920.061.2018029174142.hdf,2017-06-05 19:20,61,80262,N,180,-67.4992670967757,-89.9955309667128,-180,36.3905336972543,109.352996357496,-110.660635823269,-14.6376321178601,-67.4951568804212,-77.719442272106,-83.0517658521321,-69.708435224013
MYD03.A2017156.1925.061.2018029173613.hdf,2017-06-05 19:25,61,80262,N,-14.7584945634609,-59.3680350563389,-84.0832197191102,-112.688464903638,-14.7565027735045,-115.382976647082,-96.8923569064036,-50.0545053694148,-70.0746836971064,-83.3804288757057,-65.592839884622,-59.1067869260531
MYD03.A2017156.1930.061.2018029173418.hdf,2017-06-05 19:30,61,80262,B,-50.6586455689354,-43.8926188650351,-66.1566707340239,-97.0396645574183,-50.6571520334013,-97.5711412671427,-96.903893762756,-65.8068992125496,-59.4316262421569,-66.0912812393266,-47.8898130068065,-43.7189541050261
MYD03.A2017156.1935.061.2018029173218.hdf,2017-06-05 19:35,61,80262,D,-66.37090293567,-26.9700390815116,-48.331808534239,-98.7075695765157,-66.3654914401102,-97.1094125583334,-98.727587014187,-74.3465644726297,-43.9649773483574,-48.3493254476721,-30.1282580490309,-26.8683457962654
MYD03.A2017156.1940.061.2018029173219.hdf,2017-06-05 19:40,61,80262,D,-74.7774417717879,-9.45441428674673,-30.4648651407674,-101.421472861609,-74.7726806711644,-98.7780453457009,-101.443363009839,-79.9397265474971,-27.0427062129649,-30.4873422504853,-12.352676559101,-9.40340228326283
MYD03.A2017156.1945.061.2018029174311.hdf,2017-06-05 19:45,61,80262,D,-80.2240003650808,8.34408085370352,-12.5611534872456,-105.024254809469,-80.2179376212708,-101.41497740938,-105.030092038417,-84.0560139880115,-9.52914516502797,-12.5806299317429,5.36255221277139,8.36230584168011
MYD03.A2017156.1950.061.2018029173218.hdf,2017-06-05 19:50,61,80263,D,-84.1837014616326,26.2659992246444,5.2901115235391,-109.934382195531,-84.1232906152312,-105.015743985671,-110.010599453947,-87.2283457742141,8.27811829449488,5.27203185837719,22.9996857470638,26.4037568811038
MYD03.A2017156.1955.061.2018029174017.hdf,2017-06-05 19:55,61,80263,D,-87.2012680666814,44.1998507875135,22.9439109060063,-117.285577172289,-86.9671514133439,-109.918272872094,-117.488305359063,-89.4450033425639,26.2047237586908,22.9293867997192,40.1623767630616,44.4612002631117
MYD03.A2017156.2000.061.2018029173229.hdf,2017-06-05 20:00,61,80263,D,-89.408066016936,62.1042952683907,40.1521238572922,-130.513267264003,-88.9453981992139,-117.25742776933,-130.828981029685,-90.2572095262693,44.1321526862527,40.143887145489,56.1936594373869,62.4459793775762
MYD03.A2017156.2005.061.2018029173226.hdf,2017-06-05 20:05,61,80263,D,-84.0827560862958,80.0279717466344,56.2505807875291,-160.31210867939,-89.4515706876577,-130.460404268307,-160.703119489682,-83.7222695309581,61.9871541232636,56.2384223903206,68.5345534684739,80.1988012886644
MYD03.A2017156.2010.061.2018029174632.hdf,2017-06-05 20:10,61,80263,D,180,89.9873434451898,68.7733711652505,-180,-82.2099299123414,-160.137044928222,147.142594418714,63.4404578553372,79.6164937324103,68.7726667860729,69.3121375936856,81.2761492248648
MYD03.A2017156.2015.061.2018029174331.hdf,2017-06-05 20:15,61,80263,D,146.897387403582,82.0924396474266,57.8507258254276,62.2717413664318,60.1264228431818,146.899433253431,114.543055581813,71.5876957733239,81.6765202413969,69.681779129527,57.6098996917039,63.5606130183324
MYD03.A2017156.2020.061.2018029173151.hdf,2017-06-05 20:20,61,80263,B,113.935706276494,64.0791348199994,41.9581592820055,70.9326951722067,70.9015705404962,113.947299522807,100.14293621584,70.9322840497399,64.0502844461748,57.9117518231884,41.8123851343215,45.7519680276805
MYD03.A2017156.2025.061.2018029174407.hdf,2017-06-05 20:25,61,80263,N,99.6512009642478,46.1706776162493,24.8225628172502,68.8341066870565,70.6314358146826,99.6537884855822,92.1907910842577,68.8121712614352,46.1918876871426,42.0255099411012,24.7514236563709,27.9145501859194
MYD03.A2017156.2030.061.2018029174405.hdf,2017-06-05 20:30,61,80263,N,91.8827731362964,28.2338123617087,7.19560960732948,65.898594926129,68.6600471426779,91.8881730797566,86.9427270546103,65.8774691829445,28.2629834244327,24.894234727533,7.16636129005004,10.1094786488123
MYD03.A2017156.2035.061.2018029173203.hdf,2017-06-05 20:35,61,80263,N,86.7790323558261,10.2989566780218,-10.651012230338,62.0612815159975,65.8033826640174,86.790258576752,83.0560726765509,62.0551428366521,10.3299320569037,7.26598465044896,-10.6710106115496,-7.60145690007678
MYD03.A2017156.2040.061.2018029173229.hdf,2017-06-05 20:40,61,80263,N,83.0603493193537,-7.52662369463832,-28.5605517189511,56.8184456687808,62.0324535180796,83.2494062568621,80.2314762505153,56.8112323634635,-7.50215886919067,-10.5970428662743,-28.7168632400735,-25.1627409120085
MYD03.A2017156.2045.061.2018029173155.hdf,2017-06-05 20:45,61,80263,N,80.2611281874267,-25.0918992041437,-46.4407608246337,48.8547803646552,56.8396891880937,80.6308432778142,78.3075321726759,48.7904676985972,-25.0774484736818,-28.5054568710957,-46.7212385825995,-42.1614150239144
MYD03.A2017156.2050.061.2018029173250.hdf,2017-06-05 20:50,61,80263,N,78.3451042521489,-42.1057816683561,-64.2689442837172,34.3345245411214,48.8921254518629,78.9292349986861,78.1107277165348,34.0976441798039,-42.0959671080952,-46.3649489756637,-64.6030240922475,-57.7989062250478
MYD03.A2017156.2055.061.2018029173635.hdf,2017-06-05 20:55,61,80263,N,88.269811286558,-57.8279789931815,-82.1092634518388,1.65154680947224,34.4212839317317,78.8970846482205,89.0199020883966,1.36541370335636,-57.8237922203173,-64.1199348075114,-82.1368658656194,-69.1308905509301
MYD03.A2017156.2100.061.2018029174441.hdf,2017-06-05 21:00,61,80263,N,180,-68.5079735773876,-89.9967060427092,-180,1.8757226809354,90.7566116231458,-127.752206885956,-49.7714158926993,-69.3487106259986,-81.4985779852991,-79.2862005690289,-68.1738722939592
MYD03.A2017156.2105.061.2018029173617.hdf,2017-06-05 21:05,61,80263,B,-50.0904728222719,-56.1361401801088,-80.1028202566959,-128.618414395996,-50.088476277454,-130.32796828278,-121.311959046537,-79.3611940947477,-68.5465802393734,-79.7094835667555,-61.6508634550338,-55.8960177623841
MYD03.A2017156.2110.061.2018029173340.hdf,2017-06-05 21:10,61,80263,D,-79.976439087589,-40.194289436733,-62.1775492496479,-121.931964107578,-79.9750884444875,-121.826145332603,-121.934066194018,-92.8295533239129,-56.202980522117,-62.1484504409266,-43.9308001999428,-40.0394421957281
MYD03.A2017156.2115.061.2018029173650.hdf,2017-06-05 21:15,61,80263,D,-93.3616328322281,-23.0991294722263,-44.3519807971825,-123.960054820695,-93.3583855621934,-122.088458200397,-123.982313099828,-100.492430657339,-40.2680091106994,-44.3710320958619,-26.1615411994327,-23.0092721015223
MYD03.A2017156.2120.061.2018029173319.hdf,2017-06-05 21:20,61,80263,D,-100.89678792237,-5.50027973122602,-26.4705413849265,-126.859175576805,-100.891685907619,-124.011157260699,-126.878971065738,-105.680076435096,-23.1717390270937,-26.4929333656596,-8.39058143711369,-5.45836151916694
MYD03.A2017156.2125.061.2018029173326.hdf,2017-06-05 21:25,61,80263,D,-105.930602658536,12.3378010005486,-8.56877067006126,-130.700667590508,-105.924328842332,-126.850186267712,-130.718794421693,-109.568810650281,-5.57490499616856,-8.58791194350028,9.32437627612315,12.380911351423
MYD03.A2017156.2130.061.2018029173413.hdf,2017-06-05 21:30,61,80264,D,-109.651644716251,30.2708261667075,9.25455989620914,-136.029238107546,-109.558958282584,-130.690797553277,-136.114384535521,-112.529745671829,12.2745003365672,9.23709758068196,26.8863726635636,30.437619102535
MYD03.A2017156.2135.061.2018029173804.hdf,2017-06-05 21:35,61,80264,D,-112.503237101002,48.1984491810638,26.8352942675742,-144.287130891542,-112.235123881159,-136.005214602492,-144.481458336499,-114.548077892132,30.2084048453235,26.8202879668631,43.8782860582108,48.4838542652029
MYD03.A2017156.2140.061.2018029173439.hdf,2017-06-05 21:40,61,80264,D,-114.507088539848,66.1065505104825,43.8683792546074,-159.830048383899,-113.972614181775,-144.249283244205,-160.214948558272,-114.752219793492,48.1270873208069,43.8569148561789,59.4246620918013,66.4387112704334
MYD03.A2017156.2145.061.2018029173939.hdf,2017-06-05 21:45,61,80264,D,-100.823178282686,84.0317970518038,59.5142221364656,164.171935894289,-113.80552954106,-159.747382413959,163.895581263305,-99.5933734119796,65.9583703723439,59.5101833046279,70.0624403452075,83.9902302369652
MYD03.A2017156.2150.061.2018029174154.hdf,2017-06-05 21:50,61,80264,D,180,89.9856540687452,67.7568464945476,-180,-98.2323773764984,164.377725244574,112.636946711307,43.1459329798913,83.371171491615,70.3475742716144,67.4239280588511,77.3945453901974
MYD03.A2017156.2155.061.2018029174420.hdf,2017-06-05 21:55,61,80264,B,112.209067097467,78.0889936685804,54.4857999681812,42.5873959127889,41.1398372613327,112.211045371271,85.6450940523372,46.9514349603194,77.8461288429952,67.7975525894312,54.2728495566489,59.5870389390125
MYD03.A2017156.2200.061.2018029173242.hdf,2017-06-05 22:00,61,80264,N,85.063774140576,60.0770762603399,38.2160386626088,45.875566655683,46.4587171784414,85.0687186016688,73.2935634244308,45.8644106497224,60.0727344539992,54.5508181071918,38.0719269718713,41.7705521630976
MYD03.A2017156.2205.061.2018029173451.hdf,2017-06-05 22:05,61,80264,N,72.7458524938008,42.1666177594566,20.9152530513867,43.5461069068588,45.5896328241838,72.7795049310413,66.0789877328544,43.5217344834984,42.1949773799299,38.2829620374597,20.8666051811076,23.9285818561078
MYD03.A2017156.2210.061.2018029173423.hdf,2017-06-05 22:10,61,80264,N,65.8578537642707,24.2246781793832,3.2229175466528,40.4308464238638,43.3955252396551,65.8634370913329,61.2613106170632,40.412536279152,24.2526620010289,20.9872856790415,3.20146650627011,6.14520727426951
MYD03.A2017156.2215.061.2018029173932.hdf,2017-06-05 22:15,61,80264,N,61.1335419737745,6.30187839401952,-14.6482785268479,36.3295732191719,40.3392425766329,61.1846070397045,57.632473370539,36.3245820992284,6.33127087522213,3.28735750831618,-14.7010271598504,-11.5542497540749
MYD03.A2017156.2220.061.2018029173232.hdf,2017-06-05 22:20,61,80264,N,57.6423877677802,-11.4794706582479,-32.5578737610127,30.6527058524299,36.3233763267986,57.8709975357258,54.9939263446463,30.6385955391042,-11.4600780958691,-14.5953559745353,-32.7439110849512,-29.0270479206347
MYD03.A2017156.2225.061.2018029173459.hdf,2017-06-05 22:25,61,80264,N,55.0280006108192,-28.9599566606487,-50.4210677925145,21.6918805755011,30.6760918444479,55.4403827539173,53.3256416713237,21.6242833582463,-28.9476062942162,-32.4996664109819,-50.7292534601155,-45.825609603969
MYD03.A2017156.2230.061.2018029173409.hdf,2017-06-05 22:30,61,80264,N,53.8254768573735,-45.7727747708253,-68.2516299285478,4.54324002016713,21.736118591197,53.9390104047916,53.8225129754168,4.26012235342685,-45.7641144778975,-50.3394343852463,-68.5710748774937,-60.9014458476143
MYD03.A2017156.2235.061.2018029174134.hdf,2017-06-05 22:35,61,80264,N,78.8233892585927,-60.9622896064727,-86.0915669160859,-34.3860481983053,4.65459999034371,54.8244968022846,81.7381928676105,-34.5518413214465,-60.9562272921775,-68.0590282470831,-85.6611427661123,-70.2723358621603
MYD03.A2017156.2240.061.2018029174831.hdf,2017-06-05 22:40,61,80264,N,180,-66.3828988507182,-89.9950184834417,-180,-34.1378935802189,82.2134450693938,-149.220370485861,-83.3770918035238,-70.5484282275583,-84.975034687376,-75.4099948103974,-66.0654627349162
MYD03.A2017156.2245.061.2018029173849.hdf,2017-06-05 22:45,61,80264,B,-83.8375274790174,-52.7475080461299,-76.1208862930933,-149.686483929297,-83.8356375715612,-150.776694181103,-145.950214164006,-107.937243760309,-66.4316225964227,-75.8807605584748,-57.6995832913973,-52.5280679638093
MYD03.A2017156.2250.061.2018029173456.hdf,2017-06-05 22:50,61,80264,D,-108.548365896247,-36.442416103487,-58.1959205147861,-147.014834343476,-108.547138910787,-146.344152520129,-147.023938517522,-119.591570127592,-52.8166253293567,-58.1917978207221,-39.9657809024247,-36.3038052378504
MYD03.A2017156.2255.061.2018029173458.hdf,2017-06-05 22:55,61,80264,D,-120.095884968572,-19.2008713109714,-40.3646784823714,-149.254769290083,-120.09214083161,-147.140385945986,-149.278177171547,-126.528548380778,-36.5165887419612,-40.385236033997,-22.1909121541759,-19.1231011031642
MYD03.A2017156.2300.061.2018029173516.hdf,2017-06-05 23:00,61,80264,D,-126.901025808634,-1.5304235135321,-22.471693686589,-152.344014088552,-126.895628659338,-149.288469409545,-152.360791899981,-131.360434908178,-19.2734289370022,-22.4936724234112,-4.42901127601925,-1.49701437495441
MYD03.A2017156.2305.061.2018029173521.hdf,2017-06-05 23:05,61,80264,D,-131.575517733362,16.3398412716637,-4.57619166671468,-156.450271701872,-131.569039240795,-152.333903221604,-156.481794202008,-135.041680140959,-1.60494686873912,-4.59504518379881,13.2772294079327,16.4081708565122
MYD03.A2017156.2310.061.2018029173415.hdf,2017-06-05 23:10,61,80265,D,-135.078420096927,34.2795080353941,13.2105505601392,-162.256174494023,-134.938348327583,-156.439004088088,-162.360357959492,-137.774552329913,16.2798156272302,13.193792449722,30.7489959510698,34.475080663654
MYD03.A2017156.2315.061.2018029173416.hdf,2017-06-05 23:15,61,80265,D,-137.739466424223,52.1979941608374,30.7043485914424,-171.58151254871,-137.410646206202,-162.230084612357,-171.809123427528,-139.511055723872,34.2162919667371,30.6914399331902,47.5324078049547,52.5078091559495
MYD03.A2017156.2320.061.2018029173408.hdf,2017-06-05 23:20,61,80265,D,-138.858482622973,70.1117858704825,47.537369768063,169.90242117261,-138.896003982965,-171.538200701188,169.470952179242,-138.855297081767,52.1210319993594,47.5293961075554,62.4631679850789,70.4284234071313
MYD03.A2017156.2325.061.2018029173614.hdf,2017-06-05 23:25,61,80265,D,-97.0329923829735,88.0373440915602,62.5977063243576,127.317684291946,-137.795447195356,170.012560841426,127.231357270122,-90.5442838746104,69.9205543490265,62.5959826807579,70.8733154212389,87.1602906361776
MYD03.A2017156.2330.061.2018029173849.hdf,2017-06-05 23:30,61,80265,D,180,89.9859802289004,65.3332093474865,-180,-94.4810552428883,127.544735645372,79.7279769404504,20.4858149387476,86.557755696757,71.1926663447453,65.0337460306719,73.4594140253277
MYD03.A2017156.2335.061.2018029173341.hdf,2017-06-05 23:35,61,80265,B,79.2093038381539,74.0828408014902,50.9892707343047,20.1669507807511,19.1050901532661,79.2111352274495,57.4144415981048,22.1475087784188,73.9342012147113,65.3854166118613,50.7984151538165,55.6095141569782
MYD03.A2017156.2340.061.2018029173336.hdf,2017-06-05 23:40,61,80265,N,56.8533852649936,56.0761979504532,34.3982424162971,20.667664425438,21.6841652825207,56.8585790004807,46.6805353715069,20.6546731611387,56.0852778597425,51.056512837403,34.2810412893495,37.7848956396044
MYD03.A2017156.2345.061.2018029173521.hdf,2017-06-05 23:45,61,80265,N,46.232379780338,38.1604683256389,16.986801258715,18.2014860283264,20.4696010402744,46.2489504646782,40.1651829159433,18.180472133239,38.1876656809408,34.4648293657421,16.9394900932132,19.948305546878
MYD03.A2017156.2350.061.2018029173414.hdf,2017-06-05 23:50,61,80265,N,39.934780451773,20.2144118136018,-0.754275078049647,14.8808067902868,18.0539308084888,39.9406437069994,35.6335683838922,14.8678597809294,20.2440305654257,17.0591566530492,-0.774657429044234,2.18704902976071
MYD03.A2017156.2355.061.2018029173308.hdf,2017-06-05 23:55,61,80265,N,35.5006843418654,2.31282045782969,-18.6484572672949,10.5007966556694,14.8069094513131,35.6090618760386,32.2219382958475,10.4941641408001,2.3468694084617,-0.697903099285573,-18.7270546728282,-15.4919396158824
