# MODIS Aqua GEOGRAPHIC METADATA TEXT FILE day 2019-06-21
# NFiles = 288, max geo IngestTime = 2019-06-22 15:14:42.229551
# GranuleID,StartDateTime,ArchiveSet,OrbitNumber,DayNightFlag,EastBoundingCoord,NorthBoundingCoord,SouthBoundingCoord,WestBoundingCoord,GRingLongitude1,GRingLongitude2,GRingLongitude3,GRingLongitude4,GRingLatitude1,GRingLatitude2,GRingLatitude3,GRingLatitude4
MYD03.A2019172.0000.061.2019172151236.hdf,2019-06-21 00:00,61,91114,N,31.0319965680075,-36.5826824003331,-58.4755139684368,-7.65914831494129,4.0617107663658,31.5331371558385,30.0080357885972,-7.83764403125179,-36.571201726171,-40.4929962392861,-58.8140634429251,-52.9508319575019
MYD03.A2019172.0005.061.2019172151443.hdf,2019-06-21 00:05,61,91114,N,33.5545182235081,-52.9468124622076,-76.3103839093476,-32.456143512493,-7.59266308026085,30.6792129725989,33.7138555264561,-32.8098589935382,-52.9407457903203,-58.3686867854884,-76.5381868498228,-66.3117516546135
MYD03.A2019172.0010.061.2019172152508.hdf,2019-06-21 00:10,61,91114,N,180,-66.4616001176143,-89.9969226036441,-180,-32.2827191180578,35.1741185294287,169.4713049929,-82.0018778462624,-66.4565756339891,-75.9598733646302,-84.679182069795,-70.1641313967534
MYD03.A2019172.0015.061.2019172151646.hdf,2019-06-21 00:15,61,91114,N,-82.0278824731469,-60.8520165521777,-85.9031981132961,166.071016944726,-82.0259477555309,162.870182826033,-169.714681583365,-120.118656669491,-70.5345911195996,-84.9198317003476,-67.479872987039,-60.5721759387347
MYD03.A2019172.0020.061.2019172151702.hdf,2019-06-21 00:20,61,91114,B,-120.722089597527,-45.6434430123564,-68.064577501388,-169.881930910013,-120.720521306032,-170.450430410721,-169.330808468426,-137.185056088985,-60.9136979294021,-67.9792144263532,-49.7833502425885,-45.4589703342453
MYD03.A2019172.0025.061.2019172151305.hdf,2019-06-21 00:25,61,91114,D,-137.773752515269,-28.8106421583494,-50.2320769275156,-171.018462782288,-137.771348498196,-169.552761054718,-171.036975770912,-146.220530213497,-45.7145837208234,-50.2479079567132,-32.0173584976287,-28.6994977139989
MYD03.A2019172.0030.061.2019172151405.hdf,2019-06-21 00:30,61,91114,D,-146.674738775251,-11.3319941323063,-32.3658390828503,-173.641228183767,-146.670164049289,-171.087641926237,-173.663883545922,-152.039976423788,-28.8848102068226,-32.3876508890082,-14.2303788199894,-11.2750936443984
MYD03.A2019172.0035.061.2019172151453.hdf,2019-06-21 00:35,61,91114,D,-152.351384582124,6.45992172306824,-14.4513276983795,-177.14322881784,-152.345458322531,-173.642603390581,-177.151210767516,-156.288907069852,-11.4038265714536,-14.4711405709639,3.50752622580042,6.47892080094188
MYD03.A2019172.0040.061.2019172151449.hdf,2019-06-21 00:40,61,91115,D,-156.432697492623,24.383939076323,3.42280856406454,178.114150170237,-156.389299046949,-177.131439274553,178.054660177949,-159.565048102713,6.39037785953186,3.40471509172853,21.1763708790422,24.5078127640728
MYD03.A2019172.0045.061.2019172151401.hdf,2019-06-21 00:45,61,91115,D,-159.544500206318,42.3332655076026,21.1180003598058,171.073935527286,-159.317204968262,178.129552634988,170.928375853109,-161.87693833499,24.3267994886608,21.1027549392405,38.4196838164919,42.5823542677379
MYD03.A2019172.0050.061.2019172151426.hdf,2019-06-21 00:50,61,91115,D,-161.835736528036,60.3343977240738,38.391373629697,158.673151926896,-161.393304648911,171.108027571146,158.374704253488,-162.925829525245,42.2651860826365,38.3805884366585,54.7011436119477,60.6734370074029
MYD03.A2019172.0055.061.2019172151414.hdf,2019-06-21 00:55,61,91115,D,-158.467736281953,78.2607161961135,54.7442861099107,131.337951641867,-162.124834107886,158.741918622859,130.934221048541,-158.249238876476,60.2285541040429,54.7391588196081,67.6680625077708,78.4776714756826
MYD03.A2019172.0100.061.2019172151856.hdf,2019-06-21 01:00,61,91115,D,180,89.9894415145132,67.8781865208748,-180,-156.779379305216,131.499233515809,79.3863098394211,-12.8144897164392,77.912337511488,67.8761107847074,69.9419317832119,82.9518871374777
MYD03.A2019172.0105.061.2019172151451.hdf,2019-06-21 01:05,61,91115,D,79.2363217311213,83.8586484665765,59.3419727705563,-14.5736713191838,-17.2789862828038,79.238353574811,44.1671309181326,-1.13084959430256,83.3062981822361,70.3071168463258,59.0996007031274,65.4010607106355
MYD03.A2019172.0110.061.2019172151340.hdf,2019-06-21 01:10,61,91115,B,43.5968622745496,65.9318257614515,43.6699766100713,-1.52200573576017,-1.92155220524513,43.5983540665663,28.6669998668439,-1.5178727181488,65.8857805098256,59.4007604866103,43.5236734709731,47.5997168472569
MYD03.A2019172.0115.061.2019172151405.hdf,2019-06-21 01:15,61,91115,N,28.1848113713473,48.0313070966733,26.6302993917776,-3.50492272075866,-1.83526388895931,28.1866718125425,20.3113001614022,-3.5252037184283,48.0500549788287,43.7401384378815,26.5502353874536,29.7738198187289
MYD03.A2019172.0120.061.2019172151303.hdf,2019-06-21 01:20,61,91115,N,19.9776005500154,30.1010272795711,9.04654312751591,-6.36091912205309,-3.69568310617854,19.9825334174652,14.8554203761002,-6.38252193691662,30.1294022347851,26.7000973727733,9.01332785795926,11.9682952057821
MYD03.A2019172.0125.061.2019172151428.hdf,2019-06-21 01:25,61,91115,N,14.6722802884556,12.1756546685518,-8.77482521474512,-10.09819815668,-6.47430617343512,14.6786626201764,10.8523706679605,-10.1042311358144,12.207998177731,9.11959678263224,-8.78073774444507,-5.73064234593314
MYD03.A2019172.0130.061.2019172151427.hdf,2019-06-21 01:30,61,91115,N,10.8526660544731,-5.65872515605248,-26.6744837936875,-15.1485244201795,-10.1303017042675,11.021965208384,7.94041581808518,-15.1556202207947,-5.63331001902971,-8.72092550698286,-26.8169065566314,-23.3228348088081
MYD03.A2019172.0135.061.2019172151418.hdf,2019-06-21 01:35,61,91115,N,7.96379990472162,-23.2477149277702,-44.5497631915452,-22.7138822180133,-15.1310357371921,8.30793363849459,5.90320846325188,-22.7700945833587,-23.2326822048576,-26.6180484129658,-44.8187453790961,-40.3902961759101
MYD03.A2019172.0140.061.2019172151721.hdf,2019-06-21 01:40,61,91115,N,5.94535770970762,-40.3351496814127,-62.4609560540075,-36.2725946426796,-22.6764112126026,6.49699117833125,5.41760152593856,-36.4967127296575,-40.3248015849435,-44.4773720826604,-62.7994395114271,-56.3108713195451
MYD03.A2019172.0145.061.2019172152103.hdf,2019-06-21 01:45,61,91115,N,12.7299555247239,-56.3308315108714,-80.2978449989298,-66.2448788738322,-36.192353033309,6.18661855211102,13.1849432721983,-66.6003485074842,-56.3260590183555,-62.3261578726548,-80.4082893708731,-68.3664870318051
MYD03.A2019172.0150.061.2019172152509.hdf,2019-06-21 01:50,61,91115,N,180,-68.5819100889849,-89.9960932233979,-180,-66.0572320085812,14.694453096739,157.128325309339,-117.79467900163,-68.5787889547871,-79.8000250177959,-81.023647664064,-68.951816138801
MYD03.A2019172.0155.061.2019172152143.hdf,2019-06-21 01:55,61,91115,N,-118.030986071485,-57.7050138677281,-81.9164054378543,155.90220536443,-118.028973772865,153.851916338062,166.019405597686,-149.864536379212,-69.3242325519547,-81.4196653749137,-63.5350791920692,-57.4484727188496
MYD03.A2019172.0200.061.2019172151338.hdf,2019-06-21 02:00,61,91115,B,-150.486276795105,-41.9675235616059,-64.0759943122298,165.672328495222,-150.484860153529,165.469399896244,165.674081221521,-164.365152033269,-57.7707452284291,-64.0328839145029,-45.8159965076726,-41.8012999134369
MYD03.A2019172.0205.061.2019172151345.hdf,2019-06-21 02:05,61,91115,D,-164.928350618383,-24.9427986793825,-46.2448312892354,163.745091231109,-164.925348714847,165.502601484716,163.723677912463,-172.439015143072,-42.0392607586619,-46.262996323181,-28.0407199135187,-24.8452116014263
MYD03.A2019172.0210.061.2019172151623.hdf,2019-06-21 02:10,61,91115,D,-172.861941744415,-7.37342351879465,-28.3628712154624,160.937386693563,-172.85704838355,163.695601830011,160.916513428019,-177.817473607403,-25.0169919979403,-28.3848606867219,-10.2568185634283,-7.32658482292753
MYD03.A2019172.0215.061.2019172151450.hdf,2019-06-21 02:15,61,91115,D,-178.092400327741,10.4607531655462,-10.4474005950017,157.205450940105,-178.086228978251,160.942007181026,157.19231880721,178.178374648342,-7.44514895925514,-10.4666034501124,7.47179774146404,10.4919607795479
MYD03.A2019172.0220.061.2019172151447.hdf,2019-06-21 02:20,61,91116,D,178.0779402989,28.3974772421098,7.40088829694031,152.078847496963,178.161690240331,157.218506426182,152.002997629252,175.123266463286,10.3951655120256,7.38335884219562,25.0817524361055,28.5506904103534
MYD03.A2019172.0225.061.2019172151407.hdf,2019-06-21 02:25,61,91116,D,175.148307501091,46.3416978073065,25.028089121419,144.236290952564,175.418408992164,152.095323281958,144.063874383756,173.019362161921,28.3399142573331,25.0137594820325,42.168243813256,46.615784657804
MYD03.A2019172.0230.061.2019172151254.hdf,2019-06-21 02:30,61,91116,D,173.062517881107,64.3411247033996,42.1508526647898,129.748568481049,173.552935523274,144.275506899794,129.387293479897,172.474387028671,46.2695060041273,42.1412647329951,58.0283856516793,64.6803619884551
MYD03.A2019172.0235.061.2019172151614.hdf,2019-06-21 02:35,61,91116,D,-177.981238441252,82.268008073368,58.1103963642173,96.5586113735657,173.393763190615,129.827952423626,96.2325962825904,-177.292622201865,64.2088034903496,58.1028098931535,69.4947652016099,82.3496487992326
MYD03.A2019172.0240.061.2019172151954.hdf,2019-06-21 02:40,61,91116,D,180,89.990168493288,68.6546883173094,-180,-175.904766447745,96.7461760035078,44.1421847018488,-30.7641992271632,81.7538414423826,69.7462706413728,68.3351993486207,79.1182065721875
MYD03.A2019172.0245.061.2019172151408.hdf,2019-06-21 02:45,61,91116,B,43.8119373925572,79.8503008230133,56.050350036304,-31.502942414096,-33.4228065322348,43.8139595703822,14.9106528895054,-25.6699961161417,79.5406402911935,68.6932920761493,55.8326600708218,61.4307943200431
MYD03.A2019172.0250.061.2019172151308.hdf,2019-06-21 02:50,61,91116,N,14.3478009565676,61.9271313791506,39.9328662150257,-26.5965793017447,-26.3004328258684,14.3492156041433,1.68984951970826,-26.600998911497,61.9100477487325,56.1121066697411,39.8035814465278,43.6156210657121
MYD03.A2019172.0255.061.2019172151351.hdf,2019-06-21 02:55,61,91116,N,1.23908752541356,44.0274314416139,22.7315485293292,-28.8076169734196,-26.8850386712715,1.24275922690128,-5.80365998284735,-28.8303231240108,44.0491712119503,40.0034420313871,22.6623874370857,25.7898138420294
MYD03.A2019172.0300.061.2019172151323.hdf,2019-06-21 03:00,61,91116,N,-6.10913546745963,26.0916749307735,5.07462207943596,-31.8359540417352,-28.9706160780798,-6.10374821507787,-10.8602303141321,-31.8558775338839,26.1223038837487,22.8017073953977,5.05114402830782,7.99910663384314
MYD03.A2019172.0305.061.2019172151329.hdf,2019-06-21 03:05,61,91116,N,-10.9987931342025,8.1767586745968,-12.7747271659989,-35.8064157072831,-31.9249842523127,-10.9648122335418,-14.598746244288,-35.8112831372025,8.20751685396355,5.14374006716397,-12.8108707849744,-9.69239840823467
MYD03.A2019172.0310.061.2019172151223.hdf,2019-06-21 03:10,61,91116,N,-14.5880211240904,-9.62033689576571,-30.6766975372291,-41.2741216453278,-35.82108869402,-14.3804766274578,-17.3198057124754,-41.2814359945054,-9.59781801253503,-12.7222915713302,-30.8487134304857,-27.2009073158822
MYD03.A2019172.0315.061.2019172151309.hdf,2019-06-21 03:15,61,91116,N,-17.2924035984496,-27.126027160612,-48.537842741538,-49.727722650434,-41.253732854914,-16.9069419268804,-19.1183624734324,-49.8139691720986,-27.1119039980138,-30.6177222925273,-48.8325593128995,-44.0817909295479
MYD03.A2019172.0320.061.2019172151434.hdf,2019-06-21 03:20,61,91116,N,-18.905587739288,-44.0375842789339,-66.3628748342602,-65.5401918312146,-49.6842505015742,-18.4731541554186,-18.9202630673613,-65.8149547702375,-44.0283903650454,-48.4596549759578,-66.6888809681929,-59.442564664454
MYD03.A2019172.0325.061.2019172151748.hdf,2019-06-21 03:25,61,91116,N,-2.68588258155705,-59.4883577573783,-84.2870439010179,-101.689815302819,-65.4455720683271,-18.0390512875316,-1.15992134360309,-101.928250411547,-59.484718651028,-66.1882180019116,-84.1284564778983,-69.8264993419766
MYD03.A2019172.0330.061.2019172152235.hdf,2019-06-21 03:30,61,91116,N,180,-67.4103004144162,-89.9943902049755,-180,-101.457640036907,-0.281310505938409,137.222694340622,-152.117942929148,-70.0881179747381,-83.4903830775929,-77.1809706450343,-67.0756821870287
MYD03.A2019172.0335.061.2019172151733.hdf,2019-06-21 03:35,61,91116,B,-152.537604060652,-54.3774739958407,-77.9252255150184,136.625284107589,-152.535655478709,135.168315007366,141.473432839317,-178.779779487493,-67.455022526089,-77.6261753867082,-59.5807125495458,-54.1429076027773
MYD03.A2019172.0340.061.2019172151438.hdf,2019-06-21 03:40,61,91116,D,-179.40293356109,-38.2320024613971,-60.0855942853851,140.612121085066,-179.401650149043,141.053043860825,140.605840524914,168.74881617766,-54.4462747906598,-60.0719525229861,-41.8442979825896,-38.0829358148649
MYD03.A2019172.0345.061.2019172151505.hdf,2019-06-21 03:45,61,91116,D,168.214398163212,-21.046836082387,-42.2519762924935,138.466246965705,168.217881753742,140.478083174355,138.443159364323,161.469671551033,-38.3039378618808,-42.2719146047328,-24.0618381341898,-20.9621303333968
MYD03.A2019172.0350.061.2019172151419.hdf,2019-06-21 03:50,61,91116,D,161.079711062115,-3.40123745243175,-24.355845306604,135.470124590806,161.084967519675,138.432698527727,135.451858110412,156.473354322062,-21.1209936285977,-24.3776023510704,-6.28585913222972,-3.3635834877819
MYD03.A2019172.0355.061.2019172151423.hdf,2019-06-21 03:55,61,91116,D,156.23506061788,14.466855274593,-6.4458472416076,131.485402073211,156.241454653083,135.475436662015,131.459860370189,152.687741911715,-3.47298892453909,-6.46489172236234,11.4364851095271,14.5231323689687
MYD03.A2019172.0400.061.2019172151409.hdf,2019-06-21 04:00,61,91117,D,152.633726906871,32.4116732517689,11.3683729836449,125.912242350683,152.757454558967,131.4998365784,125.820590150853,149.85311143641,14.4040744349949,11.3514182909243,28.9625414342533,32.5933063350828
MYD03.A2019172.0405.061.2019172151535.hdf,2019-06-21 04:05,61,91117,D,149.881911295552,50.34675987298,28.9144528917001,117.125060490194,150.197511614136,125.932420329233,116.895040700205,147.98622619016,32.3529071395008,28.9009736859132,45.8576141006215,50.6447872259616
MYD03.A2019172.0410.061.2019172151511.hdf,2019-06-21 04:10,61,91117,D,148.18596154631,68.2584059346654,45.8619615131614,100.037878645701,148.578248885015,117.16883279135,99.678367023822,148.17239017999,50.2696935239693,45.8552610941063,61.1152537135626,68.587741430065
MYD03.A2019172.0415.061.2019172151642.hdf,2019-06-21 04:15,61,91117,D,172.517999462362,86.2769490093211,61.2064028289228,60.1930658565266,149.221490242394,100.132179740455,60.0188289520443,175.49203706272,68.0919463541746,61.2036114783188,70.6227421568557,85.9514347416935
MYD03.A2019172.0420.061.2019172151935.hdf,2019-06-21 04:20,61,91117,D,180,89.9912670566898,66.4467285853802,-180,175.27454674592,60.4121454754902,10.5441317441064,-52.6761487547142,85.3285338291992,70.9235598719214,66.1402696903026,75.198259830505
MYD03.A2019172.0425.061.2019172151335.hdf,2019-06-21 04:25,61,91117,B,10.0728873711283,75.8424780715028,52.6108420444517,-53.0706088941705,-54.4714575599932,10.0747893770888,-13.6123039298465,-50.4071385979653,75.6521867459731,66.4948662799743,52.4158371728098,57.4531034980942
MYD03.A2019172.0430.061.2019172151510.hdf,2019-06-21 04:30,61,91117,N,-14.1581586383211,57.9232547281516,36.1472096151883,-51.7300569648546,-50.9202633150053,-14.1564727843117,-25.0314535229796,-51.7406729380043,57.925626774741,52.6750032824611,36.0333642125719,39.6288169039645
MYD03.A2019172.0435.061.2019172151307.hdf,2019-06-21 04:35,61,91117,N,-25.4506215386048,40.0188178187263,18.8094139837695,-54.1356683173726,-51.9831166240511,-25.4464562617001,-31.8100372083765,-54.1593943040457,40.0432513243223,36.2182850941991,18.7529167065516,21.8048473424868
MYD03.A2019172.0440.061.2019172151155.hdf,2019-06-21 04:40,61,91117,N,-32.0739883451367,22.0800088601763,1.09279575589217,-57.3466036310624,-54.2755605291587,-32.0682126874556,-36.5075043129487,-57.3627210163328,22.1105688940872,18.8799442935285,1.07581047480554,4.03346560790137
MYD03.A2019172.0445.061.2019172151443.hdf,2019-06-21 04:45,61,91117,N,-36.6150719059898,4.17994838301524,-16.7779655281617,-61.5821135280117,-57.4215779102641,-36.5474780487918,-40.0074548976918,-61.5898421065393,4.20961091099284,1.15751809313946,-16.8453728557395,-13.6425746947541
MYD03.A2019172.0450.061.2019172151226.hdf,2019-06-21 04:50,61,91117,N,-39.9975979481167,-13.5710351071401,-34.6784709372151,-67.4975846513236,-61.5675547003229,-39.7372145599697,-42.532647846814,-67.5307779794333,-13.5533429108688,-16.7268989238594,-34.8780417015464,-31.0564891768572
MYD03.A2019172.0455.061.2019172151332.hdf,2019-06-21 04:55,61,91117,N,-42.5034056434225,-30.9913154688815,-52.5235026968931,-77.0777347323186,-67.4974971069855,-42.0736944650763,-44.0523829406892,-77.1730809685828,-30.9750172041658,-34.6160510496889,-52.8461256743794,-47.715277907402
MYD03.A2019172.0500.061.2019172151458.hdf,2019-06-21 05:00,61,91117,N,-42.8642797558902,-47.6766203187739,-70.3534701848391,-95.8786721619251,-77.0262026592284,-43.3441893103043,-42.8421846130093,-96.1949481707506,-47.6686966330587,-52.4384670417276,-70.6533232139933,-62.4304001591231
MYD03.A2019172.0505.061.2019172151832.hdf,2019-06-21 05:05,61,91117,N,4.3416943362527,-62.5113065317752,-88.2775464004792,-138.352737254672,-95.7617490419495,-41.8828759049409,11.413004586072,-138.422858362061,-62.5088178776973,-70.1268982449274,-87.0546738724788,-70.5591781839812
MYD03.A2019172.0510.061.2019172152004.hdf,2019-06-21 05:10,61,91117,N,180,-65.0211137821485,-89.9965035317083,-180,-138.101433143048,6.01123306915761,114.775507694139,175.099082743827,-70.8740513660898,-86.4923803487595,-73.275611327007,-64.70746084994
MYD03.A2019172.0515.061.2019172151545.hdf,2019-06-21 05:15,61,91117,B,174.568203569415,-50.9159124526401,-73.9340320465677,114.433451851315,174.570012621611,113.344456589614,116.737736883691,152.959691189892,-65.074413239704,-73.7441899542834,-55.6222328620073,-50.7026477750551
MYD03.A2019172.0520.061.2019172151339.hdf,2019-06-21 05:20,61,91117,D,152.34910966694,-34.4485532782299,-56.0976418361715,115.490027690297,152.350504817157,116.414950180602,115.477941115153,142.105393650151,-50.9865961426045,-56.1029164904171,-37.8703191293808,-34.315386659817
MYD03.A2019172.0525.061.2019172151628.hdf,2019-06-21 05:25,61,91117,D,141.599489050886,-17.1310635165357,-38.2545831203257,113.141975698317,141.604089034,115.381989667137,113.118451543523,135.488700888462,-34.520722982031,-38.2759142425473,-20.0843693078882,-17.0575591639435
MYD03.A2019172.0530.061.2019172151405.hdf,2019-06-21 05:30,61,91117,D,135.128771280687,0.57904067337429,-20.3500328180653,109.953355944046,135.133380120576,113.124993246946,109.938471951961,130.821464746141,-17.2052572321507,-20.3718081969426,-2.32176247421485,0.607847106232721
MYD03.A2019172.0535.061.2019172151419.hdf,2019-06-21 05:35,61,91117,D,130.624363768714,18.4746791142748,-2.45151609982157,105.698385973321,130.630917731761,109.959858166767,105.64954017988,127.239815872257,0.507268297371885,-2.47037923767016,15.3853991581664,18.5564628345587
MYD03.A2019172.0540.061.2019172151618.hdf,2019-06-21 05:40,61,91118,D,127.233034428233,36.4224313434586,15.3211495940383,99.6945378702279,127.397556654609,105.706668414552,99.4876710619487,124.629115484312,18.4137201217772,15.3049928001087,32.8105647032915,36.6308618772598
MYD03.A2019172.0545.061.2019172151744.hdf,2019-06-21 05:45,61,91118,D,124.660990120342,54.3442867983266,32.7945843614948,89.6594664259771,125.011120577755,99.7094263480155,89.4638840755241,123.023702190791,36.3610241590233,32.7899697608805,49.5071553095014,54.6719455756894
MYD03.A2019172.0550.061.2019172151550.hdf,2019-06-21 05:50,61,91118,D,124.315318384193,72.2635876938661,49.5024707697225,69.1164678468145,123.702972057062,89.7012330963191,68.7693567079018,124.344492597298,54.2613510964128,49.4979302400222,64.0298759888324,72.5690098433453
MYD03.A2019172.0555.061.2019172152458.hdf,2019-06-21 05:55,61,91118,D,180,89.988250571409,64.1383391468142,-180,125.554803822458,69.234845822474,22.9585358533591,-139.185974095972,72.0446923769434,64.1362464292551,70.9565255852466,87.4844335921446
MYD03.A2019172.0600.061.2019172152555.hdf,2019-06-21 06:00,61,91118,D,23.1483501352534,89.7645312134848,63.8027866412305,-150.995794137584,-151.74210326218,23.1500698245468,-21.5104643844579,-76.1538418317718,87.2120962766003,71.3017051476003,63.522603241742,71.2460037707339
MYD03.A2019172.0605.061.2019172152150.hdf,2019-06-21 06:05,61,91118,B,-22.0550798932546,71.8394190308554,49.0614663324619,-76.3851614734221,-77.3448552667344,-22.0502964806111,-41.5546217157695,-75.2786699624876,71.7256023736113,63.8585841299442,48.8879089718171,53.4726490645626
MYD03.A2019172.0610.061.2019172152142.hdf,2019-06-21 06:10,61,91118,N,-42.0745880587606,53.9251349689823,32.325423715016,-76.9155804856565,-75.7088479264306,-42.0721845501076,-51.534702802631,-76.9308036200574,53.9374040017308,49.1272545908832,32.2263859281477,35.6463017585803
MYD03.A2019172.0615.061.2019172152125.hdf,2019-06-21 06:15,61,91118,N,-51.9194216409319,36.0137994809624,14.8757975709371,-79.5033090889356,-77.138641388412,-51.9148680170815,-57.7127712769157,-79.5269859838899,36.0402188923136,32.3969100065925,14.8293563381042,17.8283283658469
MYD03.A2019172.0620.061.2019172152034.hdf,2019-06-21 06:20,61,91118,N,-57.9421403943101,18.0749787055058,-2.89039428856351,-82.9131455369687,-79.6303092680761,-57.9360915589322,-62.1014530799625,-82.9258657388752,18.1062059539049,14.9464943408116,-2.9010039374728,0.0818432597802516
MYD03.A2019172.0625.061.2019172152040.hdf,2019-06-21 06:25,61,91118,N,-62.1734520423844,0.197575528480672,-20.7714525285804,-87.4499498537672,-82.9739286561138,-62.1138057378716,-65.4176393174411,-87.4567193539449,0.226428483251209,-2.8233385385727,-20.8696800061255,-17.56828845999
MYD03.A2019172.0630.061.2019172151930.hdf,2019-06-21 06:30,61,91118,N,-65.3921997249058,-17.4966524583993,-38.6701388628667,-93.9714089767375,-87.4317439111885,-65.0611577888015,-67.7087197252438,-93.9891891088408,-17.4756313253433,-20.7245231702521,-38.8948373217303,-34.8615664728573
MYD03.A2019172.0635.061.2019172151954.hdf,2019-06-21 06:35,61,91118,N,-67.6744289063844,-34.7899977345212,-56.5021897662643,-104.842400153508,-93.9436747830718,-67.1899742197451,-68.874570996539,-105.002062166443,-34.77719937444,-38.6042056879106,-56.8353520301981,-51.2395975066767
MYD03.A2019172.0640.061.2019172152347.hdf,2019-06-21 06:40,61,91118,N,-66.3102591977429,-51.2263967139107,-74.3366500457558,-127.42439350016,-104.781360338373,-68.178668784699,-66.2151794889824,-127.77164165051,-51.2196610992631,-56.4042960812068,-74.5941870725318,-65.120455634795
MYD03.A2019172.0645.061.2019172152838.hdf,2019-06-21 06:45,61,91118,N,180,-65.2451372797039,-89.9972703354455,-180,-127.272457882777,-65.0293084586997,56.8134224499822,-175.283739348402,-65.2410779967817,-74.0384517697305,-86.1961400638915,-70.4844230969029
MYD03.A2019172.0650.061.2019172152641.hdf,2019-06-21 06:50,61,91118,N,-175.185855369381,-62.2614333329125,-87.7895158472084,50.3260246216137,-175.180062397923,47.161265868011,91.1919332516495,143.731002060074,-70.8389252710441,-86.2782079654241,-69.3518956105088,-61.9707015220154
MYD03.A2019172.0655.061.2019172152105.hdf,2019-06-21 06:55,61,91118,B,143.136277374117,-47.3574613746227,-69.9510243402509,90.978677798536,143.137923239603,90.1733158735387,91.8741256868323,125.213650140332,-62.3208903252937,-69.8334181900589,-51.6631901989922,-47.1641102485743
MYD03.A2019172.0700.061.2019172152011.hdf,2019-06-21 07:00,61,91118,D,124.621451325514,-30.6325928933892,-52.1173905375192,90.318861255643,124.623576299032,91.6253799075173,90.3021561025681,115.658405843285,-47.4294626206268,-52.1316137995624,-33.9005627771095,-30.5145002472292
MYD03.A2019172.0705.061.2019172152022.hdf,2019-06-21 07:05,61,91118,D,115.18417302889,-13.2008915343191,-34.2604784479975,87.7803233679771,115.189318005953,90.2332903514513,87.7572116067847,109.600976458665,-30.7046861101285,-34.2824352664043,-16.1140747165681,-13.1394101565393
MYD03.A2019172.0710.061.2019172151945.hdf,2019-06-21 07:10,61,91118,D,109.279273761297,4.5636130796454,-16.3502171516377,84.3856581742712,109.285083144909,87.7760608555432,84.375287367813,105.231801731596,-13.2751246645996,-16.3706963870798,1.63105083796562,4.5857452436618
MYD03.A2019172.0715.061.2019172152040.hdf,2019-06-21 07:15,61,91119,D,105.066967560122,22.4785495486492,1.53267887744706,79.8098253644294,105.073704157813,84.3932173341115,79.7525069298661,101.83017086724,4.49187093270538,1.5141168147477,19.3140794965445,22.5881277899327
MYD03.A2019172.0720.061.2019172152059.hdf,2019-06-21 07:20,61,91119,D,101.846264681732,40.4250447180009,19.2540200296364,73.2148038783615,102.051666231439,79.8279244693173,72.9725433050396,99.4195674507965,22.4184320659641,19.2364362931876,36.6191073243814,40.658073115571
MYD03.A2019172.0725.061.2019172152036.hdf,2019-06-21 07:25,61,91119,D,99.4559042288419,58.3411098330082,36.6187908657229,61.6210064204681,99.8895687201612,73.213024396649,61.4418479287996,98.195857276703,40.3621122114064,36.6069032471346,53.025208330997,58.6829826452718
MYD03.A2019172.0730.061.2019172152112.hdf,2019-06-21 07:30,61,91119,D,101.292380446251,76.2647875772895,53.0226247766509,36.8235510908958,98.9615340136661,61.6849557792423,36.4094519965798,101.417946499161,58.2448550100454,53.0164781817763,66.5562413487567,76.5181802334487
MYD03.A2019172.0735.061.2019172153116.hdf,2019-06-21 07:35,61,91119,D,180,89.9867189527458,66.7382067647616,-180,102.805173871813,36.9679596165286,-13.9818141186178,-118.510528032616,75.9686114679553,66.7374679251519,70.4576385099881,84.6961780270039
MYD03.A2019172.0740.061.2019172152452.hdf,2019-06-21 07:40,61,91119,D,-14.0306038545097,85.765349201164,60.8397184237777,-121.555812240173,-124.969556553397,-14.0286266473656,-52.2378601358262,-100.210836283817,84.967314897495,70.8217405103446,60.5861395563593,67.2893584104344
MYD03.A2019172.0745.061.2019172152105.hdf,2019-06-21 07:45,61,91119,B,-52.8054732870018,67.8405803370787,45.4321098873336,-100.366917819135,-101.088440145898,-52.8039055126337,-69.0319704260246,-100.252528889877,67.7766813272768,60.8998088298048,45.2746971950072,49.4983333944726
MYD03.A2019172.0750.061.2019172152029.hdf,2019-06-21 07:50,61,91119,N,-69.5348189026468,49.9351089775631,28.4763705421725,-102.127696479136,-100.593170978651,-69.5302211788295,-77.8633584494224,-102.146886525637,49.9518523686036,45.4988533782429,28.3919486902265,31.6696514442548
MYD03.A2019172.0755.061.2019172163832.hdf,2019-06-21 07:55,61,91119,N,-78.2101832750854,32.0117080070769,10.9332944791236,-104.911953562672,-102.345011877223,-78.2052578831818,-83.5303406539246,-104.93465536312,32.039104656604,28.5483608310048,10.8962282472885,13.8622195344952
MYD03.A2019172.0800.061.2019172163845.hdf,2019-06-21 08:00,61,91119,N,-83.7252939429697,14.0794761005595,-6.87312090225318,-108.531128677973,-105.022279530331,-83.719407386022,-87.6465865809986,-108.538955031504,14.1108738799564,11.0045704497172,-6.87770970395378,-3.85451147134115
MYD03.A2019172.0805.061.2019172163850.hdf,2019-06-21 08:05,61,91119,N,-87.6779948019062,-3.76909517790099,-24.7691685550545,-113.405337010101,-108.574650736533,-87.527714251869,-90.6773825150156,-113.412328702583,-3.74241147114575,-6.81642130509452,-24.8972151427986,-21.469393577175
MYD03.A2019172.0810.061.2019172163855.hdf,2019-06-21 08:10,61,91119,N,-90.6510563426451,-21.3979984230071,-42.6526275183675,-120.599815860807,-113.386417002236,-90.325836748079,-92.81162371398,-120.642957737075,-21.3826036109636,-24.7153718331615,-42.9092977815137,-38.6196263004383
MYD03.A2019172.0815.061.2019172163914.hdf,2019-06-21 08:15,61,91119,N,-92.7759656364834,-38.555968417841,-60.477244160353,-133.130240303956,-120.567935853174,-92.2522442763696,-93.5535809278533,-133.334306861192,-38.5449659068233,-42.5813526903331,-60.8160364870133,-54.657935989923
MYD03.A2019172.0820.061.2019172164139.hdf,2019-06-21 08:20,61,91119,N,-88.2950870541277,-54.6665173785776,-78.3143079009355,-160.425114222057,-133.056978426617,-92.7722795096895,-88.0195937860012,-160.771637294074,-54.661103937446,-60.3558767924762,-78.4872100343456,-67.4142940945226
MYD03.A2019172.0825.061.2019172164531.hdf,2019-06-21 08:25,61,91119,N,180,-67.5899565101066,-89.9993491404072,-180,-160.242359733945,-86.7913662389509,54.2342084120738,148.427386256611,-67.5876783347899,-77.9054037602919,-82.8107170483658,-69.6145171980122
MYD03.A2019172.0830.061.2019172164222.hdf,2019-06-21 08:30,61,91119,N,148.257515148851,-59.2277890029689,-83.8126368417764,52.3694789454827,148.25951579625,49.5614438111887,66.9585867795616,113.474581289923,-70.0217308322595,-83.1467977080747,-65.4125132403244,-58.9798672921817
MYD03.A2019172.0835.061.2019172164009.hdf,2019-06-21 08:35,61,91119,B,112.901305233553,-43.7230009216406,-65.9714745729566,66.8153671388116,112.902791908023,66.3125991702504,66.9188652145623,97.8744858302273,-59.291455017292,-65.9093715825697,-47.7018439832713,-43.5487010811927
MYD03.A2019172.0840.061.2019172164001.hdf,2019-06-21 08:40,61,91119,D,97.3067192650832,-26.7877386499961,-48.14220145871,65.1047040003361,97.3094656456741,66.7261166161691,65.0845378896643,89.3751043976756,-43.7958592818228,-48.1591138440775,-29.9340483764718,-26.6839914254533
MYD03.A2019172.0845.061.2019172163946.hdf,2019-06-21 08:45,61,91119,D,88.9333062913917,-9.25832649286845,-30.2675888575959,62.3811400831948,88.938066386311,65.0398748149719,62.3593737175964,83.7922304902148,-26.8600340273258,-30.2896947040894,-12.1480172360915,-9.20722021932768
MYD03.A2019172.0850.061.2019172164006.hdf,2019-06-21 08:50,61,91119,D,83.5057630618345,8.55261137572089,-12.3540509344145,58.7667532808654,83.511853072539,62.3892110629155,58.7592679232631,79.6831753508301,-9.33258482606124,-12.3732396201764,5.57789923289883,8.57199217879261
MYD03.A2019172.0855.061.2019172163936.hdf,2019-06-21 08:55,61,91120,D,79.5582268803274,26.4840404188837,5.50627621172342,53.8291785653563,79.6162948326121,58.7752977377884,53.7591385762693,76.5142073383554,8.48684869223091,5.48844486575835,23.2212011212307,26.6230463001642
MYD03.A2019172.0900.061.2019172163955.hdf,2019-06-21 09:00,61,91120,D,76.5409067704652,44.4269015926926,23.1653841524043,46.4255385724657,76.7831469868294,53.8494011331534,46.2349814488639,74.3053339837751,26.4237033529431,23.1504558694863,40.3849133193936,44.6886750608045
MYD03.A2019172.0905.061.2019172164009.hdf,2019-06-21 09:05,61,91120,D,74.3411871764463,62.3387809083654,40.3738835557525,33.0478173784682,74.8229695786022,46.4442472969334,32.7478268398727,73.5223961872085,44.3598007008363,40.3600791567391,56.3931524516845,62.6800798332438
MYD03.A2019172.0910.061.2019172164005.hdf,2019-06-21 09:10,61,91120,D,80.003531082545,80.2641150417012,56.4418736005875,2.90139041034951,74.3700731734478,33.1241290811749,2.5341014565408,80.3864007896496,62.2204715051752,56.4375708295574,68.651818038144,80.4261021913576
MYD03.A2019172.0915.061.2019172164358.hdf,2019-06-21 09:15,61,91120,D,180,89.9855396654492,68.878943024344,-180,81.9890147319272,3.07766203069824,-49.8942830116447,-132.253064046271,79.8404210103412,68.8782273829634,69.1758563690427,80.9616216401745
MYD03.A2019172.0920.061.2019172163927.hdf,2019-06-21 09:20,61,91120,D,-50.166091245616,81.7652772069389,57.6434718886368,-133.316172897305,-135.387891896536,-50.1610618512687,-81.9112661278423,-124.602584850011,81.3688865719964,69.5484236358574,57.4167202109401,63.3266348911666
MYD03.A2019172.0925.061.2019172163919.hdf,2019-06-21 09:25,61,91120,B,-82.4772993044822,63.8433448752703,41.7314125270721,-125.312805873611,-125.326221789675,-82.4758858541077,-96.1514829366902,-125.313430490298,63.8129282328537,57.707202380773,41.5910423235911,45.5235604602906
MYD03.A2019172.0930.061.2019172163859.hdf,2019-06-21 09:30,61,91120,N,-96.6247361366446,45.9414786983101,24.6074377111807,-127.417147425455,-125.614507220931,-96.6206249813674,-104.041134515611,-127.438986798518,45.9624850932708,41.7988539524929,24.5260931567846,27.6937450595066
MYD03.A2019172.0935.061.2019172163904.hdf,2019-06-21 09:35,61,91120,N,-104.396764706903,28.0110032038219,6.97627280721369,-130.359643401123,-127.591090361796,-104.392270450126,-109.315216129184,-130.381242923507,28.0444919456943,24.6792215601994,6.9546895721948,9.89411041663662
MYD03.A2019172.0940.061.2019172163859.hdf,2019-06-21 09:40,61,91120,N,-109.433522543281,10.0865735590736,-10.8622626233303,-134.208041785937,-130.454179383756,-109.419446422126,-113.141933377718,-134.214204384217,10.1176274037677,7.04659736904522,-10.8836147690264,-7.80215532976224
MYD03.A2019172.0945.061.2019172163859.hdf,2019-06-21 09:45,61,91120,N,-113.138115701351,-7.72672869755797,-28.7625315398476,-139.471191633626,-134.234571254671,-112.949334311818,-115.955985255478,-139.478409482025,-7.70263438390347,-10.8075114463618,-28.9205148556425,-25.3495109401392
MYD03.A2019172.0950.061.2019172163900.hdf,2019-06-21 09:50,61,91120,N,-115.925522348366,-25.2782211123412,-46.6329980839112,-147.474647141159,-139.449817897402,-115.559224029837,-117.865227936944,-147.54670938922,-25.2637151689237,-28.7064916386952,-46.9155174665526,-42.3285695398895
MYD03.A2019172.0955.061.2019173145132.hdf,2019-06-21 09:55,61,91120,N,-117.828920746602,-42.2750272068617,-64.4561838229789,-162.098377878312,-147.436967725439,-117.252507450956,-118.027981816184,-162.348874641828,-42.2652064749647,-46.5563161824715,-64.7895906674541,-57.9357631756869
MYD03.A2019172.1000.061.2019173145347.hdf,2019-06-21 10:00,61,91120,N,-107.246125819018,-57.9708170068884,-82.293057226613,164.961730923402,-162.010024380677,-117.177470916895,-106.439026687025,164.67005929618,-57.9666306118193,-64.3020822136292,-82.2959965416155,-69.1841842244186
MYD03.A2019172.1005.061.2019173145722.hdf,2019-06-21 10:05,61,91120,N,180,-68.411049733479,-89.9951137667514,-180,165.177973596417,-105.28335748539,36.6248750944405,113.391584396741,-69.4146792882546,-81.6833782891201,-79.0306649972072,-68.0397284068094
MYD03.A2019172.1010.061.2019173145339.hdf,2019-06-21 10:10,61,91120,B,113.011023678724,-55.9871406121955,-79.8320912830445,35.8264492812979,113.013019321899,33.9881489701289,42.5313754451871,84.2013584205531,-68.4490283909127,-79.4555864892413,-61.469906675883,-55.759396266622
MYD03.A2019172.1015.061.2019173145223.hdf,2019-06-21 10:15,61,91120,D,83.6169433609289,-40.022991396616,-61.9913311626968,41.8898595866984,83.6182879506451,42.0430081255708,41.8871677241838,70.8612251509004,-56.0541685473434,-61.9647370477791,-43.7420964276925,-39.8664073350873
MYD03.A2019172.1020.061.2019173145212.hdf,2019-06-21 10:20,61,91120,D,70.3206409840577,-22.9128645717956,-44.1611681063273,39.8489732572513,70.3238926268612,41.7413489886632,39.8265976877609,63.2284339023393,-40.096430286141,-44.1801638856392,-25.9643541643722,-22.822289491345
MYD03.A2019172.1025.061.2019173145158.hdf,2019-06-21 10:25,61,91120,D,62.8192262042348,-5.30100300967059,-26.2710187121558,36.9452892597605,62.8243581066203,39.8098449063747,36.9266054175313,58.0536343481072,-22.9850050206285,-26.2926448997809,-8.18346715300967,-5.25919407381162
MYD03.A2019172.1030.061.2019173145158.hdf,2019-06-21 10:30,61,91120,D,57.8019669620744,12.5467466856452,-8.35901225105812,33.0920679878793,57.8082596087367,36.954442965469,33.0702794383081,54.1712072669824,-5.37518216877525,-8.3774559481215,9.54113591476671,12.5928538833132
MYD03.A2019172.1035.061.2019173145203.hdf,2019-06-21 10:35,61,91121,D,54.0854885628464,30.4887749745895,9.47272119595861,27.7372038199824,54.1715676369961,33.1024384516561,27.6548813057388,51.2007973100059,12.4839696981964,9.45566702224677,27.1097876466779,30.6578149647877
MYD03.A2019172.1040.061.2019173145157.hdf,2019-06-21 10:40,61,91121,D,51.2326297775441,48.427561943151,27.0584283131307,19.4208867863858,51.5525231154495,27.7598229677323,19.2302885494353,49.2506276392116,30.4307663349455,27.0429311674276,44.1007541567039,48.7129832985674
MYD03.A2019172.1045.061.2019173145240.hdf,2019-06-21 10:45,61,91121,D,49.2884619383481,66.3393903229491,44.0915678974483,3.69428486800606,49.8090927072135,19.4610687686691,3.34717924777658,49.0559097083545,48.3557149025121,44.0833468286518,59.6264367400779,66.674740192177
MYD03.A2019172.1050.061.2019173145306.hdf,2019-06-21 10:50,61,91121,D,63.7147078184875,84.2681006588173,59.7058005574882,-32.6467058328524,50.0188885593924,3.78760371364495,-32.9548303769721,65.0437900623109,66.1896499993862,59.7021648030908,70.141717208395,84.2074500483883
MYD03.A2019172.1055.061.2019173145626.hdf,2019-06-21 10:55,61,91121,D,180,89.9882827997402,67.5760418843982,-180,66.4875271789719,-32.4415885970218,-84.3625871723686,-152.822815594381,83.574481059494,70.4766032926324,67.296115380482,77.0689281758207
MYD03.A2019172.1100.061.2019173145149.hdf,2019-06-21 11:00,61,91121,B,-84.7118895339029,77.7620834032639,54.2803543855654,-153.346491622518,-154.788987054053,-84.7099212637349,-110.764763442222,-149.264351050034,77.5273299873035,67.6164786773739,54.0724264659296,59.3545289181156
MYD03.A2019172.1105.061.2019173145125.hdf,2019-06-21 11:05,61,91121,N,-111.331805846031,59.8432988444511,37.968417639638,-150.414978908699,-149.835908518228,-111.330526830694,-123.004101709284,-150.422874039149,59.838719626487,54.3463205728537,37.8509281757042,41.5394964952829
MYD03.A2019172.1110.061.2019173145121.hdf,2019-06-21 11:10,61,91121,N,-123.420804914375,41.9384478191664,20.6900364361689,-152.723476807127,-150.678429268484,-123.416777406414,-130.091138247958,-152.746841917403,41.9614436834713,38.036829016518,20.6280785983087,23.7125127955497
MYD03.A2019172.1115.061.2019173145104.hdf,2019-06-21 11:15,61,91121,N,-130.376238908714,24.0038067911161,3.00282560719891,-155.850319816478,-152.87950323176,-130.370649422348,-134.955833703002,-155.868672428005,24.0342450152542,20.7624521603484,2.98221085280638,5.93441761796057
MYD03.A2019172.1120.061.2019173145100.hdf,2019-06-21 11:20,61,91121,N,-135.0783410581,6.09233101609362,-14.8607937707786,-159.953405791448,-155.930568101228,-135.024164664521,-138.564990031177,-159.959819958859,6.12279502385213,3.06721331234931,-14.9131503717395,-11.7533774598668
MYD03.A2019172.1125.061.2019173145102.hdf,2019-06-21 11:25,61,91121,N,-138.555847545875,-11.6780145220111,-32.7607398165085,-165.667060514765,-159.961272289545,-138.327680378643,-141.1929665521,-165.674504360105,-11.6572436393171,-14.8071021579609,-32.9479963643497,-29.2097530324357
MYD03.A2019172.1130.061.2019173145059.hdf,2019-06-21 11:30,61,91121,N,-141.158218146044,-29.1387441615233,-50.6155068882717,-174.655003837995,-165.642846613497,-140.748703291554,-142.84329057227,-174.7589660397,-29.1252110561234,-32.7017520237145,-50.9233485289347,-45.9828435760057
MYD03.A2019172.1135.061.2019173145143.hdf,2019-06-21 11:35,61,91121,N,-142.180239929366,-45.9413964595006,-68.4410656659018,168.062598505551,-174.610644249708,-142.172652260624,-142.179015153973,167.766488433915,-45.9328121234072,-50.5327711431012,-68.755327521677,-61.0288366030501
MYD03.A2019172.1140.061.2019173145427.hdf,2019-06-21 11:40,61,91121,N,-115.770560447498,-61.0962887035255,-86.2787025036777,128.891486946505,168.169996240591,-141.250749515808,-112.593772179997,128.700537636567,-61.0933817647709,-68.2424062240473,-85.791909850669,-70.2924607008609
MYD03.A2019172.1145.061.2019173145712.hdf,2019-06-21 11:45,61,91121,N,180,-66.2727551235312,-89.9937739872993,-180,129.12784437999,-113.394263197043,14.9893523511961,79.9809587722155,-70.6337536281472,-85.1637979326683,-75.2327465442943,-65.9916498811986
MYD03.A2019172.1150.061.2019173145318.hdf,2019-06-21 11:50,61,91121,B,79.58224811336,-52.5887765628597,-75.933750151429,14.5386503346143,79.5841329123025,13.2321538683217,17.8833468536903,55.701212188781,-66.3220861579222,-75.6942270669552,-57.5198974323321,-52.3660320198017
MYD03.A2019172.1155.061.2019173145641.hdf,2019-06-21 11:55,61,91121,D,55.0770480234127,-36.2649184136906,-58.007156295226,16.800827862114,55.078269707287,17.5080542302117,16.7912917734681,44.1114220698531,-52.657992045564,-58.0046168717504,-39.7733648046156,-36.1246275895272
MYD03.A2019172.1200.061.2019173145724.hdf,2019-06-21 12:00,61,91121,D,43.5990485242459,-19.009753739103,-40.1703732633849,14.5543064217287,43.6028322908278,16.6865761805256,14.529632752223,37.198479763475,-36.3386109326171,-40.1907883761198,-21.9905241526054,-18.9314444235745
MYD03.A2019172.1205.061.2019173145537.hdf,2019-06-21 12:05,61,91121,D,36.8217828261173,-1.33153951725944,-22.2688866175066,11.4514008958965,36.8272134309807,14.5215650822224,11.4349907231055,32.3773420275608,-19.0819258195949,-22.2904444961443,-4.22130274614744,-1.29490724825893
MYD03.A2019172.1210.061.2019173145724.hdf,2019-06-21 12:10,61,91121,D,32.13866723813,16.5518266474551,-4.36530524841202,7.33809922431732,32.1451456222805,11.461750216624,7.29617320681312,28.6775082916002,-1.4053760375535,-4.38633243435366,13.4943756715998,16.6178103495825
MYD03.A2019172.1215.061.2019173145659.hdf,2019-06-21 12:15,61,91122,D,28.6581437926833,34.5019201798371,13.4304478834343,1.50563617675724,28.810688351382,7.34986036723025,1.40044556721097,25.9760820022216,16.4935677658618,13.4137852716572,30.972903706458,34.6978464000245
MYD03.A2019172.1220.061.2019173145710.hdf,2019-06-21 12:20,61,91122,D,26.0109218784369,52.427273688335,30.929035329471,-7.90357863302524,26.3450388675612,1.53098500605392,-8.11221405222637,24.2452757121473,34.4391496243574,30.9171854617265,47.7539947541516,52.7386738808256
MYD03.A2019172.1225.061.2019173145822.hdf,2019-06-21 12:25,61,91122,D,24.9440626039068,70.3462255404306,47.7534949518952,-26.6520008095153,24.8754828032143,-7.85931016802646,-27.0499982226606,24.9485586061145,52.3505856432425,47.7453474715631,62.6465905038424,70.6630580692851
MYD03.A2019172.1230.061.2019173145946.hdf,2019-06-21 12:30,61,91122,D,70.2348458736642,88.2750179127852,62.7671994202635,-69.6157519062963,26.057972994112,-26.5383768246761,-69.6910006770075,77.365680500993,70.1528855316945,62.7648932720573,70.8922677750526,87.2834712209798
MYD03.A2019172.1235.061.2019173150038.hdf,2019-06-21 12:35,61,91122,D,180,89.9900097354545,65.1776200128855,-180,72.6432632210813,-69.3889261595836,-116.90054978568,-175.627213435034,86.6898437992268,71.2183136253783,64.8805758188118,73.2258037721761
MYD03.A2019172.1240.061.2019173145558.hdf,2019-06-21 12:40,61,91122,B,-117.420551235915,73.8456003648927,50.7718074570858,-175.937580192676,-177.023102640334,-117.418729626783,-138.965491089734,-174.073310933676,73.6999393578397,65.2296579303612,50.5907188249516,55.3742029660005
MYD03.A2019172.1245.061.2019173145441.hdf,2019-06-21 12:45,61,91122,N,-139.495069308473,55.8410431224625,34.1614240811186,-175.57183710582,-174.542837083336,-139.493034864786,-149.592303963395,-175.584988294272,55.8499834422188,50.8396341726936,34.0550179429684,37.5548908116484
MYD03.A2019172.1250.061.2019173145649.hdf,2019-06-21 12:50,61,91122,N,-149.990893022397,37.9306365286589,16.7600932060536,-178.069895097592,-175.803660447756,-149.986472947012,-156.043263577787,-178.093691536008,37.955990772518,34.2302557277319,16.7088072503431,19.7303282491736
MYD03.A2019172.1255.061.2019173145555.hdf,2019-06-21 12:55,61,91122,N,-156.293893460588,19.9937340969942,-0.982141175152762,178.611189039629,-178.208517424472,-156.288034664903,-160.580242074681,178.596373756745,20.02494475273,16.8327961808905,-0.99565958407512,1.97403867364097
MYD03.A2019172.1300.061.2019173145754.hdf,2019-06-21 13:00,61,91122,N,-160.665011731648,2.1013632882978,-18.8644948510263,174.225010391919,178.546618262688,-160.571219348053,-163.946523823515,174.218334501279,2.13067781491511,-0.922479056385414,-18.9475070321127,-15.6931500122023
MYD03.A2019172.1305.061.2019173145432.hdf,2019-06-21 13:05,61,91122,N,-163.932099130964,-15.6178637230944,-36.7606180869595,167.98345042766,174.23704901272,-163.663999456829,-166.384861681254,167.975837645342,-15.6012504767596,-18.8110331873031,-36.9769668010831,-33.0437112238196
MYD03.A2019172.1310.061.2019173145449.hdf,2019-06-21 13:10,61,91122,N,-166.346767349151,-32.9731483973782,-54.5989936552974,157.787963622521,168.01144572326,-165.892110085684,-167.726705500771,157.648209231836,-32.9605871409789,-36.6977495847312,-54.9267396731572,-49.5634614520992
MYD03.A2019172.1315.061.2019173145833.hdf,2019-06-21 13:15,61,91122,N,-165.846605398179,-49.5370499047694,-72.4312766756547,137.120549519807,157.841133129905,-166.991279565964,-165.792094463053,136.786214224948,-49.5297293298102,-54.5066064238709,-72.7096106045225,-63.8731058051588
MYD03.A2019172.1320.061.2019173145955.hdf,2019-06-21 13:20,61,91122,N,180,-63.9805615533332,-89.995567355473,-180,137.251668431391,-164.77766181785,-72.0815404304808,91.8970215800818,-63.9788093628112,-72.1712676354804,-87.2286980255836,-70.6257511709301
MYD03.A2019172.1325.061.2019173150045.hdf,2019-06-21 13:25,61,91122,N,92.1012193793072,-63.6815546008851,-89.7819322395934,-83.1163127806717,92.1029106016896,-83.7345649290073,-8.32180960842786,47.9186873916991,-71.019281412806,-86.9264977665582,-71.3038219445676,-63.4211750191051
MYD03.A2019172.1330.061.2019173145709.hdf,2019-06-21 13:30,61,91122,B,47.4445591439567,-49.069654631848,-71.9440089208497,-8.59286643162325,47.4462863315249,-9.37053976527613,-6.9176925497512,27.7222058892953,-63.7383044687556,-71.7994835166726,-53.5517360646375,-48.8678290811091
MYD03.A2019172.1335.061.2019173145500.hdf,2019-06-21 13:35,61,91122,D,27.1156560935819,-32.459750985811,-54.0198060001386,-8.34330795585647,27.1174507600483,-7.20756352445707,-8.35779011322762,17.57531565806,-49.1400766251676,-54.0311473185414,-35.7986146495176,-32.3349654223344
MYD03.A2019172.1340.061.2019173145527.hdf,2019-06-21 13:40,61,91122,D,17.0925678072317,-15.0824089221975,-36.1715385320375,-10.7886308592589,17.0967644889907,-8.434603974018,-10.8120821489183,11.2668718249768,-32.5338623817974,-36.1929945422238,-18.0133658004217,-15.015522991941
MYD03.A2019172.1345.061.2019173145717.hdf,2019-06-21 13:45,61,91122,D,10.9238035423691,2.65953135187839,-18.2624845236285,-14.0873514963271,10.9295060000806,-10.8021761439551,-14.0999344806317,6.75621197837468,-15.1544659232931,-18.2833239391972,-0.25752897665886,2.68512475857242
MYD03.A2019172.1350.061.2019173145613.hdf,2019-06-21 13:50,61,91123,D,6.57681405725524,20.5631692078336,-0.371409249383747,-18.5083140049962,6.58347757174719,-14.0766697331856,-18.5551612306522,3.27019340174679,2.58531462838266,-0.389924624023744,17.4379899117407,20.6599146297644
MYD03.A2019172.1355.061.2019173145556.hdf,2019-06-21 13:55,61,91123,D,3.26927451456634,38.51465263844,17.3757771240463,-24.910153371288,3.46865847960754,-18.4947213403836,-25.0347693828206,0.770808664703664,20.5067770498737,17.3584602607156,34.8041612618664,38.7370648482145
MYD03.A2019172.1400.061.2019173145532.hdf,2019-06-21 14:00,61,91123,D,0.808849257995816,56.4306716634571,34.7674896896662,-35.6439122868335,1.19539025397333,-24.880599257618,-35.9041534441788,-0.646495769406211,38.4495511928256,34.755642199566,51.3214782116657,56.7598346279907
MYD03.A2019172.1405.061.2019173145746.hdf,2019-06-21 14:05,61,91123,D,1.43229900623601,74.3557078899298,51.343493495504,-58.2625479676414,0.058841323428971,-35.5911623863881,-58.6788373471523,1.50075335570962,56.3450137281835,51.336851790469,65.3815147130016,74.6374188064665
MYD03.A2019172.1410.061.2019173150048.hdf,2019-06-21 14:10,61,91123,D,180,89.9931570914705,65.5433909124045,-180,2.774487967082,-58.1239572762472,-106.83946148199,128.580800566365,74.0999385803429,65.5420764366078,70.8088661799649,86.3644457158118
MYD03.A2019172.1415.061.2019173145812.hdf,2019-06-21 14:15,61,91123,D,-106.770119549028,87.7629308556732,62.3680540983198,122.296765168567,118.448271050094,-106.768247157632,-148.273630012308,160.645308459946,86.4542928223818,71.1677408226666,62.0863568964766,69.2662655547809
MYD03.A2019172.1420.061.2019173145745.hdf,2019-06-21 14:20,61,91123,B,-148.870924187788,69.8361554985883,47.1695840657023,160.452056917562,159.608996383144,-148.845998927202,-166.665094518757,160.999227271835,69.7521475840553,62.4163889401223,47.009930195011,51.3887691819066
MYD03.A2019172.1425.061.2019173145639.hdf,2019-06-21 14:25,61,91123,N,-167.162353769034,51.8399670096907,30.3152815944498,159.222181962691,160.607565308042,-167.159715913927,-176.002535050384,159.204478307896,51.8550631597224,47.2385809672532,30.2229196028596,33.5661960951865
MYD03.A2019172.1430.061.2019173145605.hdf,2019-06-21 14:30,61,91123,N,-176.368539668181,33.9179345348319,12.811467641491,156.54290537606,159.01682328524,-176.363717005547,178.095008869444,156.519544254868,33.9452291783729,30.3847214707278,12.7701957546058,15.7484819177802
MYD03.A2019172.1435.061.2019173145421.hdf,2019-06-21 14:35,61,91123,N,177.880217583201,15.9834726841191,-4.97609599147966,153.020289920278,156.420906933442,177.886361068957,173.848381668899,153.009908282047,16.0149663580563,12.8844297925251,-4.98335889854495,-1.98041763820199
MYD03.A2019172.1440.061.2019173145422.hdf,2019-06-21 14:40,61,91123,N,173.802418102414,-1.88370407260314,-22.8709593782822,148.313096368009,152.970583033482,173.935501821915,170.713873914691,148.306237182812,-1.85592633827231,-4.92005397876371,-22.9849213332298,-19.6174251436438
MYD03.A2019172.1445.061.2019173145433.hdf,2019-06-21 14:45,61,91123,N,170.73309341649,-19.5422307966433,-40.7584218663918,141.45210179104,148.32801725666,171.042359561944,168.47548132665,141.418946317224,-19.5264080112829,-22.8166389611834,-41.002258805205,-36.8352002918301
MYD03.A2019172.1450.061.2019173145738.hdf,2019-06-21 14:50,61,91123,N,168.516433628779,-36.7723236783634,-58.5871184180105,129.754084508234,141.484342279672,169.018747405339,167.519449578019,129.577604672918,-36.7611626338048,-40.6909868865557,-58.9251348576206,-53.049966893919
MYD03.A2019172.1455.061.2019173145918.hdf,2019-06-21 14:55,61,91123,N,171.428025332449,-53.0409953359447,-76.4220726405239,104.854128503328,129.818156441906,168.325924855243,171.600633733122,104.469482628949,-53.0349471453963,-58.4753940809591,-76.6356093985962,-66.37441612668
MYD03.A2019172.1500.061.2019173150437.hdf,2019-06-21 15:00,61,91123,N,180,-66.5471775700889,-89.9940732631719,-180,105.009636251868,172.797915294562,-52.4689836932934,55.1692405502162,-66.5464606251273,-76.0650569052314,-84.5730094220412,-70.1625900164123
MYD03.A2019172.1505.061.2019173150006.hdf,2019-06-21 15:05,61,91123,N,55.1191403052765,-60.7644120642278,-85.7928415635312,-55.7746677795264,55.1210845465197,-58.9143165123275,-32.1775998554255,17.1535497480402,-70.5645834985511,-84.8393573362565,-67.3649429357875,-60.5237269075839
MYD03.A2019172.1510.061.2019173145856.hdf,2019-06-21 15:10,61,91123,B,16.6362165411354,-45.4603064491745,-67.9529579569902,-32.3562027873891,16.6377802636855,-32.9348910230978,-31.8350243715895,0.199498451594982,-60.8262767661761,-67.8683032586323,-49.5856543502603,-45.2775951478818
MYD03.A2019172.1515.061.2019173145547.hdf,2019-06-21 15:15,61,91123,D,-0.385511149852854,-28.619380575189,-50.0348253308131,-33.5389023506435,-0.383077838507008,-32.0592514810754,-33.5575912111384,-8.78227536442093,-45.5316748360555,-50.050781147935,-31.8222526804612,-28.5090042108224
MYD03.A2019172.1520.061.2019173145651.hdf,2019-06-21 15:20,61,91123,D,-9.23433542695746,-11.1373152139938,-32.1696233616971,-36.1703920572964,-9.22975757727315,-33.60713726074,-36.1929421457854,-14.5785538959673,-28.6935455606922,-32.1915763570029,-14.0366900691792,-11.0810023234304
MYD03.A2019172.1525.061.2019173145528.hdf,2019-06-21 15:25,61,91123,D,-14.8876144226109,6.65466531592352,-14.2561276229335,-39.6826291033747,-14.881657256851,-36.170602370397,-39.6902980009451,-18.8142001839729,-11.2092210505492,-14.2759236001153,3.69823082950422,6.67339676354125
MYD03.A2019172.1530.061.2019173145600.hdf,2019-06-21 15:30,61,91124,D,-18.9566983158479,24.5773741377239,3.61522963353554,-44.44152030415,-18.9124685421469,-39.6702449836773,-44.5025908731209,-22.0811565466813,6.58502245674085,3.59706846520521,21.3635084314961,24.7025345471145
MYD03.A2019172.1535.061.2019173145606.hdf,2019-06-21 15:35,61,91124,D,-22.0599926447298,42.5259516316365,21.3055114049413,-51.5154683694301,-21.8328713458483,-44.425894723652,-51.6645499275618,-24.3850949455964,24.5201083821605,21.2902125753242,38.5992367483262,42.7762888318569
MYD03.A2019172.1540.061.2019173145529.hdf,2019-06-21 15:40,61,91124,D,-24.344120821485,60.4363891674839,38.5720279162329,-63.9060339897218,-23.9063355647981,-51.481200412248,-64.2211393645257,-25.4115499855693,42.4575600942135,38.5611864596238,54.7863468191362,60.7744840093152
MYD03.A2019172.1545.061.2019173145816.hdf,2019-06-21 15:45,61,91124,D,-20.8880032330277,78.3644266194804,54.8349103850884,-91.3969841732843,-24.6192568812046,-63.8440560452098,-91.7893735047145,-20.6632885252806,60.3330134978428,54.8302212120516,67.7250126119203,78.5807674087609
MYD03.A2019172.1550.061.2019173150053.hdf,2019-06-21 15:50,61,91124,D,180,89.9903277542114,67.9307321804837,-180,-19.1771036063175,-91.2281685106449,-143.395108637177,124.961832001413,78.0108576883538,67.9295279365488,69.9071275142337,82.8558817127816
MYD03.A2019172.1555.061.2019173145710.hdf,2019-06-21 15:55,61,91124,D,-143.556898338291,83.752679376276,59.2573700813092,123.28676824919,120.743755580103,-143.554864555043,-178.455044097226,136.434374645268,83.2177832029435,70.2743495580068,59.0166866292767,65.2976222784488
MYD03.A2019172.1600.061.2019173145526.hdf,2019-06-21 16:00,61,91124,B,-179.02675118332,65.8285958076122,43.4902188724922,135.985000079435,135.61210887384,-179.025263126212,166.057845258859,135.990597352558,65.7822727948068,59.3193450327522,43.3448929505419,47.4069358780906
MYD03.A2019172.1605.061.2019173145600.hdf,2019-06-21 16:05,61,91124,N,165.577105466925,47.8367769258945,26.440165987304,133.970176634637,135.650366436131,165.580307983641,157.749007792434,133.949463888935,47.8548870496109,43.5601949343714,26.3604764841068,29.5799533794176
MYD03.A2019172.1610.061.2019173145631.hdf,2019-06-21 16:10,61,91124,N,157.415437101971,29.9048563163289,8.85018217278304,131.113406429741,133.78822776421,157.420604959427,152.312991327388,131.091258601382,29.9336718160051,26.5099698094531,8.81799139699328,11.7710183957291
MYD03.A2019172.1615.061.2019173145733.hdf,2019-06-21 16:15,61,91124,N,152.134323112745,11.9778681374453,-8.97093153645358,127.370039560221,131.006485835964,152.14070255134,148.324168217234,127.364011207056,12.009372422867,8.92338603279198,-8.98206117670908,-5.92970577837085
MYD03.A2019172.1620.061.2019173145650.hdf,2019-06-21 16:20,61,91124,N,148.309300992165,-5.85790782833677,-26.8747232209008,122.306677168689,127.344322071416,148.486542434335,145.411119967824,122.2990368528,-5.83259124648271,-8.9198478043285,-27.0179880247984,-23.5210643208938
MYD03.A2019172.1625.061.2019173145450.hdf,2019-06-21 16:25,61,91124,N,145.434465018745,-23.4462668340713,-44.7510658522174,114.690946635337,122.324175872112,145.790262096644,143.394089277002,114.644651492667,-23.4315457575385,-26.8189891133088,-45.0218615840491,-40.5828286688303
MYD03.A2019172.1630.061.2019173145647.hdf,2019-06-21 16:30,61,91124,N,143.436356577397,-40.5249349134413,-62.5759128057185,101.119831633513,114.72843167072,143.989168784258,142.942505291274,100.891491116892,-40.5145003569709,-44.6784128987953,-62.9131582397266,-56.4078293181741
MYD03.A2019172.1635.061.2019173145821.hdf,2019-06-21 16:35,61,91124,N,150.506676903299,-56.4247609119052,-80.410806809231,70.9548023082933,101.197152452986,143.747011315663,150.98117054742,70.6298631219577,-56.4200088079524,-62.4376424639549,-80.5123898189057,-68.4168513337729
MYD03.A2019172.1640.061.2019173150204.hdf,2019-06-21 16:40,61,91124,N,180,-68.6256909825894,-89.996688376753,-180,71.1528562645124,152.593686133445,-65.3961986853252,19.4255926358249,-68.6238444595069,-79.8968507717414,-80.9021947199757,-68.897886234662
MYD03.A2019172.1645.061.2019173145933.hdf,2019-06-21 16:45,61,91124,N,19.1857582771749,-57.6107933688337,-81.8026734574829,-66.5803076196111,19.1877693196469,-68.3974974717742,-56.4623989417169,-12.4755015875748,-69.2760943961016,-81.3171881034906,-63.4205419579375,-57.3562419509589
MYD03.A2019172.1650.061.2019173145852.hdf,2019-06-21 16:50,61,91124,B,-13.1029274101507,-41.7805412921702,-63.9626025511655,-56.8405488344363,-13.1015149195549,-57.0321445010984,-56.838943156117,-26.9647806275251,-57.676458456918,-63.9197972602804,-45.6168705194272,-41.6158187547818
MYD03.A2019172.1655.061.2019173145729.hdf,2019-06-21 16:55,61,91124,D,-27.5241891632906,-24.7486774401618,-46.0461048854173,-58.7777048214633,-27.521186187907,-57.0086656413283,-58.7991403290031,-34.9936733079319,-41.8523953715026,-46.0643434015299,-27.843843919042,-24.6519745067698
MYD03.A2019172.1700.061.2019173145724.hdf,2019-06-21 17:00,61,91124,D,-35.4137192337196,-7.17978362665001,-28.1645058637089,-61.5893098554618,-35.408768153378,-58.8223938202221,-61.6107362032708,-40.3505517367166,-24.8229429950311,-28.1861320252007,-10.0622244317876,-7.13155317623894
MYD03.A2019172.1705.061.2019173145732.hdf,2019-06-21 17:05,61,91124,D,-40.6348268493952,10.6558311033807,-10.2513044413911,-65.3376408512241,-40.6261621814777,-61.5861767317665,-65.3479490264055,-44.3516795568377,-7.25098632363785,-10.2711384997423,7.66426264054397,10.6867442188185
MYD03.A2019172.1710.061.2019173145629.hdf,2019-06-21 17:10,61,91125,D,-44.4419895147504,28.5914425270533,7.59279250936958,-70.4861714474071,-44.3576876985047,-65.3244798285145,-70.5609963740339,-47.3886766875217,10.5900804613944,7.57531727726234,25.268323864578,28.746198519332
MYD03.A2019172.1715.061.2019173145559.hdf,2019-06-21 17:15,61,91125,D,-47.3633655918626,46.5333221598008,25.2146760576793,-78.3536932862833,-47.0927156231975,-70.4683433497547,-78.5440424915277,-49.4816793559911,28.5336990200941,25.2002365897255,42.3437880876162,46.8084454218435
MYD03.A2019172.1720.061.2019173145625.hdf,2019-06-21 17:20,61,91125,D,-49.4391887387005,64.441301581002,42.3319961778592,-92.887083392282,-48.9474036693934,-78.315008551327,-93.2123592955675,-49.9880263499623,46.4607770952205,42.3233316597723,58.1146098692538,64.7807841932094
MYD03.A2019172.1725.061.2019173145557.hdf,2019-06-21 17:25,61,91125,D,-40.3572653989458,82.3720079656766,58.1775095817919,-126.2333420461,-49.119334186226,-92.8078805621444,-126.559374715549,-39.6562771358192,64.3119327739249,58.1722463566524,69.5150367128832,82.4494681423331
MYD03.A2019172.1730.061.2019173150053.hdf,2019-06-21 17:30,61,91125,D,180,89.9877297130019,68.6096303612828,-180,-37.9265081528639,-126.032644067312,-178.580568249844,106.653453270404,81.8400976210051,69.777201796594,68.2787344374421,79.0156863937618
MYD03.A2019172.1735.061.2019173145450.hdf,2019-06-21 17:35,61,91125,B,-178.930208116512,79.7475522727831,55.9638642511943,105.942512582467,104.255954205939,-178.928188655282,152.314421595981,111.857222315829,79.4470911194166,68.6440752134582,55.7473407274318,61.3256188245348
MYD03.A2019172.1740.061.2019173145609.hdf,2019-06-21 17:40,61,91125,N,151.747078014096,61.8268414867459,39.7549657697803,110.91882543905,111.239745324493,151.748421160027,139.095082322507,110.914138748262,61.8104945397343,56.029288538408,39.6261891589227,43.4253082232936
MYD03.A2019172.1745.061.2019173145609.hdf,2019-06-21 17:45,61,91125,N,138.64490691694,43.8353872491784,22.5445121788746,108.686928132437,110.626409854621,138.648638469246,131.638806528922,108.666505945882,43.8556213607269,39.8255337827991,22.477057166372,25.599712416049
MYD03.A2019172.1750.061.2019173145724.hdf,2019-06-21 17:50,61,91125,N,131.340429353622,25.8984660406462,4.88418361209246,105.639613600597,108.514149742628,131.345915137303,126.605964336143,105.620152085357,25.9280968286425,22.6147310850064,4.85998467457259,7.80959489647422
MYD03.A2019172.1755.061.2019173150303.hdf,2019-06-21 17:55,61,91125,N,126.462462111896,7.98347868063346,-12.9672546467029,101.656471436595,105.548788617946,126.497775130728,122.873166240062,101.650173879744,8.01459071072401,4.95299519480423,-13.0049305238783,-9.88406027388854
MYD03.A2019172.1800.061.2019173150316.hdf,2019-06-21 18:00,61,91125,N,122.884035659133,-9.81235185990919,-30.8695919008638,96.1680652130226,101.642991724765,123.087072910534,120.153859398999,96.1606818818054,-9.78985196200823,-12.9142153851281,-31.0434815039313,-27.3899720305031
MYD03.A2019172.1805.061.2019173150326.hdf,2019-06-21 18:05,61,91125,N,120.181217095635,-27.3150142144532,-48.7321870339541,87.6683798921559,96.1882806234575,120.581029842967,118.381224368261,87.5791507038153,-27.3001007894718,-30.8112850587836,-49.0269316686882,-44.2623573827121
MYD03.A2019172.1810.061.2019173150153.hdf,2019-06-21 18:10,61,91125,N,118.636482554034,-44.219322528886,-66.5571243296367,71.7268695565178,87.7120624829822,119.029988127079,118.623166354735,71.4514434760218,-44.2101932491245,-48.6536281033021,-66.8822051656411,-59.5974284347355
MYD03.A2019172.1815.061.2019173150514.hdf,2019-06-21 18:15,61,91125,N,135.176626311516,-59.6441855497487,-84.3942917096949,35.5349670376644,71.8222086095767,119.47006635196,136.743664385721,35.2859389992342,-59.6406993085626,-66.3814801887291,-84.2227833326274,-69.8604539942256
MYD03.A2019172.1820.061.2019173150954.hdf,2019-06-21 18:20,61,91125,N,180,-67.3543310981452,-89.9979314645728,-180,35.75771094218,137.931096392714,-85.3296756510787,-14.8859915472852,-70.1462066588679,-83.5699429375347,-77.0670866263117,-67.0395393801616
MYD03.A2019172.1825.061.2019173150327.hdf,2019-06-21 18:25,61,91125,B,-15.2636774836299,-54.28687540781,-77.8182198143083,-85.8570987567963,-15.2617322747053,-87.2223607271265,-81.0157501531029,-41.3690085736653,-67.3976081230654,-77.524432735693,-59.4734228303529,-54.0537711792499
MYD03.A2019172.1830.061.2019173150224.hdf,2019-06-21 18:30,61,91125,D,-41.9976228670142,-38.0478116812336,-59.9780885069667,-81.9003340696941,-41.9963427979733,-81.4499935420737,-81.9067021339049,-53.8391296708706,-54.3550681303408,-59.9647372139661,-41.6491641097581,-37.9003809655685
MYD03.A2019172.1835.061.2019173150303.hdf,2019-06-21 18:35,61,91125,D,-54.3694468980069,-20.8581574945175,-42.0566874949503,-84.0576984906574,-54.3659085154112,-82.0366854899971,-84.0806971847595,-61.079838536545,-38.1198982533793,-42.0766554545352,-23.8690143219314,-20.7730590166271
MYD03.A2019172.1840.061.2019173150344.hdf,2019-06-21 18:40,61,91125,D,-61.4726668970701,-3.20979709226577,-24.1617928917369,-87.061428420625,-61.4676809673458,-84.0901837467204,-87.0796131071473,-66.0627553647603,-20.932360133185,-24.1841401097093,-6.09447606547017,-3.17305294919671
MYD03.A2019172.1845.061.2019173150334.hdf,2019-06-21 18:45,61,91125,D,-66.2962122946157,14.6594871215099,-6.25348623256529,-91.0579351791335,-66.2897803967009,-87.0563366922961,-91.0846535388443,-69.834338366919,-3.28157234521207,-6.272739301256,11.6262481901596,14.7165821791305
MYD03.A2019172.1850.061.2019173150324.hdf,2019-06-21 18:50,61,91126,D,-69.8847521009902,32.6032460221412,11.5583913940192,-96.6514832231343,-69.7590867696791,-91.04301444469,-96.7456197475224,-72.6553556165242,14.5967063942591,11.5414615573667,29.1469117701427,32.7864536761024
MYD03.A2019172.1855.061.2019173150331.hdf,2019-06-21 18:55,61,91126,D,-72.6260983337311,50.5357606638596,29.0994227961927,-105.492112870889,-72.3194220177632,-96.6315390179347,-105.720792305735,-74.5214243764213,32.5438284346688,29.0860773819868,46.0304689391591,50.8350452230093
MYD03.A2019172.1900.061.2019173150332.hdf,2019-06-21 19:00,61,91126,D,-74.2512033924485,68.4492012443743,46.0351369473214,-122.719197971041,-73.9074693218708,-105.447260156979,-123.085519280309,-74.2629436299386,50.4585795975809,46.0272079407796,61.2576685108918,68.7760680099511
MYD03.A2019172.1905.061.2019173150333.hdf,2019-06-21 19:05,61,91126,D,-49.2171675260505,86.3795712088073,61.3514895693563,-162.608325049998,-73.2424947280977,-122.626692498397,-162.777766901549,-46.1247899933766,68.2810075323888,61.3489285716079,70.640736930038,86.0298818546604
MYD03.A2019172.1910.061.2019173150556.hdf,2019-06-21 19:10,61,91126,D,180,89.9880520395819,66.3934660620494,-180,-46.040811964727,-162.38259439739,147.850601164204,84.7029966065623,85.380950311189,70.9459470310279,66.0818504987271,75.0934241219625
MYD03.A2019172.1915.061.2019173150224.hdf,2019-06-21 19:15,61,91126,B,147.371718214422,75.7409165154008,52.5276135660172,84.320060009339,83.1011872447761,147.373615746761,123.805348323834,87.102762404931,75.5574736021023,66.4362882499552,52.3298647625178,57.3473375632544
MYD03.A2019172.1920.061.2019173150155.hdf,2019-06-21 19:20,61,91126,N,123.246498598718,57.8232817041792,36.0594016698821,85.7880316452325,86.6160988432959,123.24771752101,112.417095438741,85.7769634607401,57.8274103059414,52.5941785219783,35.9443382365112,39.5295869664785
MYD03.A2019172.1925.061.2019173150131.hdf,2019-06-21 19:25,61,91126,N,111.994709052375,39.9166823492318,18.6252992301811,83.3480604362021,85.5150831894065,111.998314235751,105.626243077075,83.3255042699135,39.9417603181569,36.1283759818018,18.5726109202137,21.6156257721791
MYD03.A2019172.1930.061.2019173150213.hdf,2019-06-21 19:30,61,91126,N,105.381061874592,21.8911280423099,0.906591522396248,80.1194169459827,83.1982138331824,105.386240532373,100.961375643929,80.1029513559321,21.9220788717705,18.6958237355419,0.88989107546623,3.84895066065676
MYD03.A2019172.1935.061.2019173150200.hdf,2019-06-21 19:35,61,91126,N,100.855376399833,3.99345921664492,-16.9650792063919,75.8694479449764,80.0444467394423,100.932157870835,97.4812908116213,75.8628895220589,4.02373971697118,0.969961406995842,-17.0335118769953,-13.825568632495
MYD03.A2019172.1940.061.2019173150307.hdf,2019-06-21 19:40,61,91126,N,97.4975094894342,-13.7539569135251,-34.8648262047782,69.8947972690994,75.8762907774449,97.7474886129185,94.9598459203324,69.8867931675641,-13.7354810357903,-16.913361951805,-35.0673232120015,-31.2320382817817
MYD03.A2019172.1945.061.2019173150320.hdf,2019-06-21 19:45,61,91126,N,94.9906203671453,-31.1573122593766,-52.7075466609054,60.3023158729943,69.9178447747387,95.4216325380179,93.4584344740934,60.1797923869169,-31.1443041575784,-34.802227724176,-53.0271757664662,-47.8736471716275
MYD03.A2019172.1950.061.2019173150313.hdf,2019-06-21 19:50,61,91126,N,94.5348564526528,-47.8441086676116,-70.5381057073308,41.346226150361,60.3540690223419,94.0730076592168,94.5562865585143,41.0272136528701,-47.8362050374148,-52.6229078879478,-70.8408807239355,-62.5633810435575
MYD03.A2019172.1955.061.2019173151047.hdf,2019-06-21 19:55,61,91126,N,143.274846793466,-62.6465971746107,-88.3738459079603,-1.13595973041674,41.4732751928263,95.6506514908289,150.43595434191,-1.20139413158971,-62.6402447648941,-70.3108478788568,-87.0939453361339,-70.5691576967596
MYD03.A2019172.2000.061.2019173151308.hdf,2019-06-21 20:00,61,91126,N,180,-64.9608756455953,-89.9975218335313,-180,-0.891552868569035,145.425132192149,-107.903917278073,-47.5742762047021,-70.8876912844935,-86.4825941142281,-73.1707870505906,-64.6481434407667
MYD03.A2019172.2005.061.2019173150957.hdf,2019-06-21 20:05,61,91126,B,-48.0951019093708,-50.8349132610202,-73.8388222917445,-108.235732150461,-48.093297828749,-109.096225086766,-105.751312161982,-69.6058084114299,-65.0133985077541,-73.6577976376371,-55.5210766669332,-50.6197071384395
MYD03.A2019172.2010.061.2019173150723.hdf,2019-06-21 20:10,61,91126,D,-70.2317510129263,-34.3564079347863,-56.0000095540169,-107.011896114139,-70.2305840916571,-106.078866554404,-107.024104498899,-80.4375283720826,-50.9046974757846,-56.0062159559346,-37.7727068160144,-34.2256829673341
MYD03.A2019172.2015.061.2019173150651.hdf,2019-06-21 20:15,61,91126,D,-80.9290438839863,-16.9492487213793,-38.1583022075143,-109.37480184692,-80.9250634952914,-107.12158505083,-109.398358595391,-87.052846520926,-34.4303662345839,-38.1795243055348,-19.8985840333813,-16.876531205235
MYD03.A2019172.2020.061.2019173150717.hdf,2019-06-21 20:20,61,91126,D,-87.4104952970785,0.763805299456537,-20.1645825839146,-112.572182136755,-87.4049212237225,-109.391204642923,-112.586791664555,-91.7035991025236,-17.0234627110329,-20.1857564088639,-2.13760809794693,0.793049230742266
MYD03.A2019172.2025.061.2019173150730.hdf,2019-06-21 20:25,61,91126,D,-91.9047441968383,18.6604328985589,-2.26551956959819,-116.850760134026,-91.8981684436711,-112.566040225949,-116.890249679673,-95.2814665191044,0.692029047762483,-2.28431736189247,15.569476842903,18.7439776597974
MYD03.A2019172.2030.061.2019173150616.hdf,2019-06-21 20:30,61,91127,D,-95.2960636951046,36.6082585203329,15.5049358511827,-122.967580177405,-95.1277778420424,-116.833934875551,-123.080614095736,-97.8907559788707,18.5993953444165,15.487783851604,32.9906166578357,36.8186111869872
MYD03.A2019172.2035.061.2019173150638.hdf,2019-06-21 20:35,61,91127,D,-97.8587166414517,54.5321902738121,32.9500633315989,-133.034252097257,-97.4908915801503,-122.943385590993,-133.276067789922,-99.462125691518,36.5475539870203,32.9369499732409,49.6401251420128,54.8527011945832
MYD03.A2019172.2040.061.2019173150634.hdf,2019-06-21 20:40,61,91127,D,-98.0991052055759,72.4517101415276,49.6537041342522,-153.679253724314,-98.7806000881471,-132.979455642369,-154.102030143415,-98.0668756848337,54.4488284579124,49.6461330807906,64.1297849956319,72.7514021453572
MYD03.A2019172.2045.061.2019173150955.hdf,2019-06-21 20:45,61,91127,D,180,89.9878962904928,64.2752177815343,-180,-96.8901234642255,-153.562800691166,160.158933446862,0.446279089808749,72.2308034135991,64.2735938622731,70.9633633765367,87.4545474030613
MYD03.A2019172.2050.061.2019173150854.hdf,2019-06-21 20:50,61,91127,D,160.347713238059,89.666735123782,63.7372043011404,-11.2479276043598,-12.285146581162,160.349441604171,115.833112076406,61.3511925406846,87.193306296272,71.3027369404623,63.454672818558,71.147378416982
MYD03.A2019172.2055.061.2019173150637.hdf,2019-06-21 20:55,61,91127,B,115.29011555398,71.7374719573518,48.9833626731426,61.1208470931743,60.194877823353,115.29184783235,95.8825028396983,62.2258850003967,71.6257758641182,63.7883306376094,48.8000637961512,53.3720003274284
MYD03.A2019172.2100.061.2019173150606.hdf,2019-06-21 21:00,61,91127,N,95.3222189011104,53.8279023590233,32.2607907474415,60.6030470313072,61.8161006676309,95.3271096702422,85.9032010168759,60.5806585380611,53.8436348974527,49.0515018553721,32.1423602518464,35.5477398371405
MYD03.A2019172.2105.061.2019173150624.hdf,2019-06-21 21:05,61,91127,N,85.4422012234972,35.9120684157317,14.6917654851468,57.9729728199554,60.3519207409005,85.4520074757941,79.6526936467162,57.9484170528197,35.947854854416,32.3267067401479,14.663843640342,17.6338693023381
MYD03.A2019172.2110.061.2019173150618.hdf,2019-06-21 21:10,61,91127,N,79.5183354344167,17.8886772386333,-3.07577423293068,54.5529665309009,57.8453306560079,79.524613508774,75.3713834515146,54.5403966541951,17.9201942514839,14.7627248865405,-3.08555465456934,-0.100761674648028
MYD03.A2019172.2115.061.2019173150628.hdf,2019-06-21 21:15,61,91127,N,75.3056712225545,0.0140209188737716,-20.961777551389,50.0023345969065,54.4935986982534,75.4191823652968,72.1273462696705,49.9955641726814,0.0425333149748898,-3.01601588084977,-21.0609844786113,-17.74833649292
MYD03.A2019172.2120.061.2019173150602.hdf,2019-06-21 21:20,61,91127,N,72.1489248747777,-17.6767107089514,-38.8532152410154,43.453836985655,50.0192980996201,72.4366898751709,69.7982786216683,43.4339306786336,-17.6606201153348,-20.9092840713721,-39.084131181939,-35.0339437609477
MYD03.A2019172.2125.061.2019173150628.hdf,2019-06-21 21:25,61,91127,N,69.8322144170786,-34.9627961324794,-56.6837228228243,32.5147067238641,43.4808966521825,70.3077606356569,68.6399806339149,32.3523720964779,-34.9507826339677,-38.7864623204473,-57.0178985261642,-51.3970215385154
MYD03.A2019172.2130.061.2019173150818.hdf,2019-06-21 21:30,61,91127,N,71.3307223110511,-51.3850765119469,-74.5176710352802,9.74073776003337,32.5764406960991,69.3545796739604,71.4319801184694,9.39193176873598,-51.3784197720517,-56.5845605944685,-74.7708228611412,-65.23247823384
MYD03.A2019172.2135.061.2019173151356.hdf,2019-06-21 21:35,61,91127,N,180,-65.3596945310065,-89.9930416650028,-180,9.89229405489693,72.601052566074,-164.899390782964,-38.0453020330332,-65.3562804316968,-74.2142770275038,-86.1230973438498,-70.471906270433
MYD03.A2019172.2140.061.2019173151125.hdf,2019-06-21 21:40,61,91127,N,-37.9627394811465,-62.1941030294447,-87.6969384789831,-171.158407966105,-37.9608982002087,-174.702223126577,-131.429832638952,-78.9022169023412,-70.8292711031216,-86.1802750748152,-69.2520948146419,-61.9030065917347
MYD03.A2019172.2145.061.2019173150742.hdf,2019-06-21 21:45,61,91127,B,-79.4901657782903,-47.2752752899957,-69.8585671008485,-131.635021278057,-79.4885246749795,-132.27688905829,-130.611459794105,-97.3372033339894,-62.2534436371302,-69.7484976529142,-51.5671141137814,-47.0821392283675
MYD03.A2019172.2150.061.2019173150657.hdf,2019-06-21 21:50,61,91127,D,-97.9367086859527,-30.5426420185364,-52.0242610514561,-132.178501526875,-97.9345871409582,-130.863262197218,-132.195298393392,-106.872113759345,-47.3461203561181,-52.0387655434482,-33.806759184654,-30.4248771849508
MYD03.A2019172.2155.061.2019173150740.hdf,2019-06-21 21:55,61,91127,D,-107.340748046091,-13.0210674759179,-34.1672819587886,-134.732240450618,-107.336368211156,-132.263202935245,-134.755331579779,-112.938620996858,-30.616739722424,-34.1892288549215,-15.9299825754982,-12.9594214833553
MYD03.A2019172.2200.061.2019173150746.hdf,2019-06-21 22:00,61,91127,D,-113.262278591471,4.74734230567884,-16.1659971591752,-138.135426838707,-113.256447422153,-134.734197011632,-138.145636894879,-117.29870915654,-13.0951564893699,-16.1861823281695,1.81465778453989,4.76929568635319
MYD03.A2019172.2205.061.2019173150657.hdf,2019-06-21 22:05,61,91128,D,-117.462939046505,22.6660339920962,1.7173852365127,-142.732315003018,-117.437633910855,-138.127997839263,-142.78515400697,-120.673571071714,4.67801709351683,1.69905623384353,19.4977374850206,22.7772561336549
MYD03.A2019172.2210.061.2019173150821.hdf,2019-06-21 22:10,61,91128,D,-120.651335022475,40.6140121153383,19.4370524828361,-149.466019942096,-120.465165529019,-142.71394913128,-149.602835378443,-123.092291601954,22.6044669653784,19.4215405906966,36.7999718980578,40.8516760312372
MYD03.A2019172.2215.061.2019173150619.hdf,2019-06-21 22:15,61,91128,D,-123.052834904974,58.5306421149602,36.7679481903393,-161.032164584882,-122.648711724836,-149.437864197705,-161.312295322303,-124.341586925607,40.5505968533542,36.7544523452734,53.1547843321221,58.8636910416568
MYD03.A2019172.2220.061.2019173150647.hdf,2019-06-21 22:20,61,91128,D,-121.110261366771,76.4550191020577,53.1876460934081,173.941452699821,-123.535562461116,-160.965933169988,173.524673857394,-120.979151405957,58.4340761665755,53.1793492969815,66.667790563285,76.7040041427335
MYD03.A2019172.2225.061.2019173151249.hdf,2019-06-21 22:25,61,91128,D,180,89.9870016232516,66.8541538045151,-180,-119.5977797501,174.087478241431,123.219329254161,19.5215641356267,76.1563827538895,66.8534162946529,70.4373084096703,84.6073206499337
MYD03.A2019172.2230.061.2019173150741.hdf,2019-06-21 22:30,61,91128,D,123.164203286114,85.662351042811,60.7621450412761,16.5545427557961,13.2192503816778,123.166185474458,85.121177276533,37.3298626006199,84.8856617694468,70.806817997339,60.5126642605898,67.1881641416062
MYD03.A2019172.2235.061.2019173150648.hdf,2019-06-21 22:35,61,91128,B,84.5658486041389,67.7359122796384,45.3331738355086,37.1855903377189,36.4357742893944,84.5674122773443,68.4132034156029,37.2485583523197,67.6721158463524,60.8191616112338,45.1787954830568,49.3938308108561
MYD03.A2019172.2240.061.2019173150631.hdf,2019-06-21 22:40,61,91128,N,67.9167452456718,49.8329944914354,28.3804924116599,35.3515722980177,36.889384498884,67.9206879948424,59.6126845341096,35.3335007512132,49.8499899459052,45.402465451504,28.2918406238037,31.5690163981736
MYD03.A2019172.2245.061.2019173150631.hdf,2019-06-21 22:45,61,91128,N,59.252159382605,31.9071656722853,10.7432475050287,32.5718613699105,35.1560493505806,59.2533822796158,53.9167764924491,32.5489183387264,31.9362545290197,28.4507011232542,10.7098927939066,13.6682945889469
MYD03.A2019172.2250.061.2019173150609.hdf,2019-06-21 22:50,61,91128,N,53.7415059004807,13.8884013204384,-7.06373480014829,28.9593674631188,32.4861108853797,53.7478196977525,49.8307199561819,28.9572177848993,13.9163891305887,10.8145280400009,-7.06811241633366,-4.04490068251617
MYD03.A2019172.2255.061.2019173150530.hdf,2019-06-21 22:55,61,91128,N,49.8013692082832,-3.96203505513675,-24.9582710140646,24.0610371316603,28.9078463570399,49.9530058265121,46.8094274930365,24.0534840162926,-3.93665126184242,-7.00702082552175,-25.0907919717897,-21.6561287980221
MYD03.A2019172.2300.061.2019173150606.hdf,2019-06-21 23:00,61,91128,N,46.83530914805,-21.5849704216056,-42.8400842117886,16.8109113743726,24.0794544571701,47.1635524321949,44.6853630143799,16.7891198050453,-21.5714738885769,-24.9042257625357,-43.0996472245732,-38.7999239901011
MYD03.A2019172.2305.061.2019173150734.hdf,2019-06-21 23:05,61,91128,N,44.721101323075,-38.7299391537261,-60.6636766994091,4.19236500175938,16.8425871165382,45.2455472008212,43.9646379489698,3.98476106741366,-38.7189874344573,-42.7685591596145,-61.0024351803396,-54.8117376583428
MYD03.A2019172.2310.061.2019173150908.hdf,2019-06-21 23:10,61,91128,N,49.2113021693851,-54.8220149454892,-78.4992719873981,-23.3415808640887,4.26641326743927,44.6722933929055,49.4934087280577,-23.6887942131077,-54.8166607211133,-60.5430371813546,-78.6742976026102,-67.5050668739882
MYD03.A2019172.2315.061.2019173151414.hdf,2019-06-21 23:15,61,91128,N,180,-67.6842523393916,-89.9945576056021,-180,-23.1491386139755,51.1933975062709,-168.485450427542,-74.3273767155387,-67.6801898306048,-78.0699158717408,-82.7008730271925,-69.5809258084355
MYD03.A2019172.2320.061.2019173151037.hdf,2019-06-21 23:20,61,91128,N,-74.4814182086289,-59.15049074695,-83.7147222258328,-170.348270484948,-74.4794204496135,-172.596940665456,-155.519585266031,-109.087401705396,-69.9608930086501,-83.0636982761453,-65.3126691685776,-58.8838128724586
MYD03.A2019172.2325.061.2019173150837.hdf,2019-06-21 23:25,61,91128,B,-109.702942426892,-43.6345431398691,-65.875087715291,-155.651667783894,-109.701459439459,-156.145636316292,-155.567670693438,-124.669413169571,-59.2145316612628,-65.8145729595853,-47.6061330007084,-43.460082255132
MYD03.A2019172.2330.061.2019173150836.hdf,2019-06-21 23:30,61,91128,D,-125.245315838869,-26.6912614146489,-48.0445834475404,-157.39113552276,-125.242601809927,-155.760155193757,-157.411351169777,-133.154361374473,-43.7060958738183,-48.0617727028632,-29.8346502906765,-26.5877322659868
MYD03.A2019172.2335.061.2019173150923.hdf,2019-06-21 23:35,61,91128,D,-133.59114269088,-9.07271888109377,-30.1685803069946,-160.132341746071,-133.586363818365,-157.455399482057,-160.154136405734,-138.74625630471,-26.7654099962658,-30.1908514070288,-11.9592296034723,-9.02136363089945
MYD03.A2019172.2340.061.2019173150735.hdf,2019-06-21 23:40,61,91128,D,-139.035025587365,8.74181926170305,-12.1652158759001,-163.758771240521,-139.028955067037,-160.12401362632,-163.766534011803,-142.848791371253,-9.14677147007897,-12.1844210831909,5.76707523523865,8.76260677057141
MYD03.A2019172.2345.061.2019173150739.hdf,2019-06-21 23:45,61,91129,D,-142.973475717745,26.6770419027344,5.6956523964784,-168.718025777687,-142.906878426264,-163.750116327066,-168.786428688058,-146.003464343924,8.67717793375385,5.67776691793277,23.4098544419623,26.8175667701293
MYD03.A2019172.2350.061.2019173150857.hdf,2019-06-21 23:50,61,91129,D,-145.976524794516,44.6212795437464,23.3538616110361,-176.191897174193,-145.724881671214,-168.697257582179,-176.352629545496,-148.194392832835,26.6171005266555,23.3392059799886,40.5675882678362,44.8848977402985
MYD03.A2019172.2355.061.2019173150758.hdf,2019-06-21 23:55,61,91129,D,-148.156531066035,62.5335535818478,40.5451287217219,170.352854690406,-147.711621855217,-176.160284555462,170.032646149506,-149.008518808001,44.5535389586279,40.5349206369482,56.5473695307582,62.8737519447956
