SoundingID	longitude	latitude	quality_flag	o2a_intercept(a)	o2a_slope(b)	wco2_intercept(a)	wco2_slope(b)	sco2_intercept(a)	sco2_slope(b)	xco2 (unmodified retrieval)	xco2 (uperturb retrieval)	xco2 (L2)
2015062217261501	-57.64875412	1.567014575	1	0.417166726	0.807217633	1.536703821	-2.352566905	0.0	0.0	399.261291463507	417.34424423361594	396.2574768
2015062217260976	-57.62281418	1.212565899	1	0.242529152	2.166754213	1.16517094	-1.602416492	0.0	0.0	400.6993598619238	nan	397.7302246
2015062217260977	-57.63144684	1.206444621	0	0.33653879	0.447558006	0.724069568	-1.157086408	0.0	0.0	402.41986702822857	416.1138051209071	398.5749207
2015062217260937	-57.62718582	1.186282516	1	0.42531651	1.221521579	1.203995939	-1.942035712	0.0	0.0	396.9846214267438	nan	394.9346619
2015062217261502	-57.65705109	1.560540318	0	0.202294006	0.400452604	0.35545211	-0.648351393	0.0	0.0	nan	414.65813027545255	397.4640198
2015062217260974	-57.60571671	1.224964976	1	0.26453331	1.607666467	0.898638129	-1.221858789	0.0	0.0	395.9913645627638	nan	393.4150696
2015062217260975	-57.61422729	1.218744516	0	0.302592977	2.42484541	1.396919346	-1.726318375	0.0	0.0	398.1199576463291	nan	396.0646667
2015062217260978	-57.64012909	1.20037508	0	0.275893281	0.670474721	0.586739481	-0.975832742	0.0	0.0	402.66336249384386	419.1866832617436	398.2738953
2015062217261237	-57.66566849	1.367868543	1	0.104805092	-0.006641273	0.240109474	-0.37453097	0.0	0.0	399.8352269624558	407.2337937031982	397.2973022
2015062217262004	-57.73747253	1.85021019	1	0.283893844	0.192158322	0.584896303	-0.751404814	0.0	0.0	396.09146520535376	nan	395.4805603
2015062217260973	-57.59719467	1.231307387	1	0.260277576	0.635187755	0.422047698	-0.523031797	0.0	0.0	397.09362907723164	411.9099161978782	394.1393433
2015062217262675	-57.83192825	2.246674299	0	0.277667525	1.652129641	1.174385354	-1.463799257	0.0	0.0	401.6898412030994	428.9529560797269	398.478363
2015062217260732	-57.55891418	1.096526504	1	0.203344984	0.184274914	0.392243525	-0.38667043	0.0	0.0	390.2144801212522	398.040151998791	386.7481384
2015062217261973	-57.72473907	1.836481929	1	0.19253708	-0.373237235	0.314984312	-0.758683123	0.0	0.0	399.9702822013999	nan	397.2975464
2015062217261974	-57.733181	1.830055475	1	0.148235011	0.012563184	0.246141413	-0.356037148	0.0	0.0	398.1595231024919	nan	395.4830017
2015062217261905	-57.73303986	1.783447385	1	0.297682402	0.061593792	0.458802174	-0.496446557	0.0	0.0	399.9071652287591	407.17925131327814	397.482605
2015062217262637	-57.84463501	2.213936329	1	0.328556465	-0.042791863	0.682870833	-0.751694251	0.0	0.0	400.98478125896617	409.61378199732445	398.18573
2015062217261177	-57.65712357	1.327495337	0	0.245148102	0.627730453	0.663174241	-0.612979869	0.0	0.0	401.2078950897497	413.94931218414155	397.8327332
2015062217261534	-57.67812347	1.567896366	1	0.084186375	-0.071747124	0.070925118	-0.275614253	0.0	0.0	400.51778444268854	403.73387009834414	397.802063
2015062217262676	-57.84037781	2.240351677	0	0.212041403	1.370581002	0.657515134	-0.450787495	0.0	0.0	402.3643832091395	421.91104919633375	399.9729614
2015062217261171	-57.60617828	1.365277886	0	0.064669338	0.041516056	0.110686974	0.149340493	0.0	0.0	399.763758570731	397.06432031871844	396.8018799
2015062217261238	-57.67433167	1.361779213	0	0.048884922	0.164694515	0.081235627	-0.001787514	0.0	0.0	400.9190934195869	402.1871256042575	399.120697
2015062217262274	-57.77203751	2.011334658	1	0.142506046	0.565441872	0.385350189	-0.558026527	0.0	0.0	399.5898888944041	414.81341011898957	397.0423584
2015062217260731	-57.55055237	1.102942467	0	0.118322538	0.485625392	0.275073474	-0.244232164	0.0	0.0	395.96000079724496	403.9850246254532	393.0166016
2015062217261137	-57.65286255	1.307316661	1	0.241733746	1.582362782	0.85601405	-1.075820417	0.0	0.0	395.4294942440151	417.5210938975271	392.4420166
2015062217261172	-57.61450577	1.358831406	1	0.075222151	0.250422557	0.128639543	0.249650982	0.0	0.0	399.21977332594435	397.1287800461574	397.3996582
2015062217261577	-57.70788574	1.569414735	1	0.038013859	0.01325631	-0.029031394	0.206944182	0.0	0.0	398.7126675294583	393.7102354420726	395.5539551
2015062217260772	-57.5632019	1.116672039	1	-0.013608993	0.124396248	-0.057779033	-0.100095388	0.0	0.0	398.10938489476433	401.7750965472525	396.124176
2015062217261471	-57.64448929	1.546830297	1	0.172266582	0.052596604	0.362333517	-0.837592595	0.0	0.0	399.59723706915753	413.7146591275902	396.5753479
2015062217262576	-57.82762527	2.179917097	1	0.062597242	0.002008397	0.098697761	-0.178861736	0.0	0.0	397.86560522156407	401.3647811997527	393.9110413
2015062217261935	-57.73732758	1.803599358	0	0.081411697	0.202280039	0.108888234	-0.290224285	0.0	0.0	401.36223083523856	408.98918482357936	398.5744324
2015062217261178	-57.66578674	1.321410656	0	0.100991971	0.610543877	0.223434003	-0.014878636	0.0	0.0	401.8544336281375	406.378837275418	398.4221191
2015062217261208	-57.67005157	1.341589689	0	0.047334553	0.341504841	0.115184334	-0.008387164	0.0	0.0	404.06799578365553	405.10019052274663	400.0830994
2015062217262275	-57.78044891	2.00500083	0	0.048947099	0.406104543	0.087162655	0.00257125	0.0	0.0	400.22889056947497	404.08468962496715	397.0859985
2015062217261205	-57.64419556	1.360009193	1	-0.022809056	-0.111344023	-0.086443502	0.052202749	0.0	0.0	399.8328534688333	398.43053648680416	397.4115601
2015062217262337	-57.80609894	2.032721758	1	0.017876046	0.272976327	0.047595742	0.072201645	0.0	0.0	397.0298832313779	397.7844376665281	393.4824829
2015062217262232	-57.75098038	2.004197359	1	0.060720253	0.104896057	0.101956526	-0.215906779	0.0	0.0	399.9853237610379	405.30175742483664	394.8720093
2015062217261933	-57.72044754	1.816324472	1	0.166534958	0.710331526	0.204745577	-0.07496994	0.0	0.0	401.6837287550669	410.2665835106644	398.9984436
2015062217261472	-57.65279007	1.540358901	1	0.092114155	0.683999851	0.149251884	0.010557909	0.0	0.0	398.25019123626436	405.3280133292232	395.0022583
2015062217261206	-57.652771	1.353814006	1	0.042493123	0.509333708	0.083640409	-0.06042502	0.0	0.0	400.8723805874523	406.2897587842964	398.4567871
2015062217261934	-57.72888947	1.809900999	0	0.073613515	0.574100115	0.112895795	-0.024628919	0.0	0.0	402.0671997146346	408.2886929576091	399.6555481
2015062217260838	-57.6231575	1.119726777	0	0.013912666	-0.159955193	-0.046992475	0.044539931	0.0	0.0	403.3778917662434	400.20362748429216	399.5270996
2015062217262172	-57.74226761	1.96387589	1	0.045954998	0.321210804	0.05602082	0.026983086	0.0	0.0	397.49489072133844	400.3507872138786	395.1008301
2015062217262608	-57.84894562	2.187577248	1	0.1145487	0.228884805	0.1371299	-0.016393753	0.0	0.0	398.6444897110521	400.5465434587069	395.555603
2015062217262677	-57.84887695	2.234085798	1	0.107847944	0.970305741	0.229526309	0.118202997	0.0	0.0	398.66763592684396	405.5476331746516	395.9325256
2015062217262171	-57.7340126	1.97040379	0	0.025054321	0.39408584	0.051354874	0.021249689	0.0	0.0	399.59215932424297	404.3393136203346	396.8368225
2015062217262277	-57.79747009	1.992471099	1	0.054609594	0.341465216	0.081462105	0.054502938	0.0	0.0	397.6114846097021	399.18555956506276	395.0403442
2015062217261535	-57.68658447	1.561630607	0	0.055777875	0.657117444	0.058968705	0.037776401	0.0	0.0	401.29062606016436	406.86261820317895	398.8146667
2015062217262533	-57.79811478	2.178931952	1	0.07900783	0.317951875	0.080791866	0.232103671	0.0	0.0	397.9779608192448	395.0479143079576	394.6168518
2015062217262201	-57.73840332	1.990600705	1	0.021551675	0.432124689	0.055955579	0.048739218	0.0	0.0	399.57032014601305	403.9609595903993	396.735199
2015062217262202	-57.74665451	1.984070063	1	0.028669692	0.319664271	0.062064945	0.018416902	0.0	0.0	404.15420881096475	407.6403584856142	399.8725586
2015062217261207	-57.66138458	1.347676158	1	0.042811585	0.369429572	0.085352667	-0.092585089	0.0	0.0	401.2345468975874	406.739679778273	398.7393799
2015062217261536	-57.69512177	1.555406213	0	0.087366379	0.836261889	0.104555208	0.029688754	0.0	0.0	398.68753238934255	405.87467608748653	396.7970276
2015062217262575	-57.81916428	2.186233282	1	0.07136216	0.454360813	0.110857629	0.055536042	0.0	0.0	399.77243855512705	402.78501557356225	396.6767578
2015062217255871	-57.43865967	0.579092026	1	0.606031397	0.03878019	1.447367833	-1.775216442	0.0	0.0	396.0831309042773	nan	393.3074036
2015062217255873	-57.45561981	0.566437125	1	0.172327902	0.286051405	0.214321525	-0.066624711	0.0	0.0	391.27973656436694	394.9941365464606	387.8860168
2015062217255903	-57.45994186	0.586631894	0	0.104471357	0.46276137	0.122859875	0.023455555	0.0	0.0	397.88799041804816	401.8772685406626	395.4563599
2015062217255904	-57.46854782	0.580376446	0	0.077854417	0.485367256	0.103024657	0.086478867	0.0	0.0	398.6053884509616	401.7113156279132	395.9942017
2015062217255931	-57.44724655	0.619423032	1	0.248161435	-0.157820054	0.408337412	-0.711274025	0.0	0.0	390.28648038531185	nan	390.0461426
2015062217255937	-57.49873352	0.582183957	1	0.018226952	0.497548264	0.044148511	0.107180457	0.0	0.0	399.06914557118694	401.8238474586779	396.0772705
2015062217255971	-57.45147705	0.639519691	1	0.161343638	0.149674926	0.270325902	-0.188573574	0.0	0.0	397.9042950866069	401.8031678205894	395.4115906
2015062217255972	-57.45989227	0.63315928	1	0.195017096	0.302474937	0.322008863	-0.159310534	0.0	0.0	398.9206488211775	401.89228814484426	398.4255981
2015062217260003	-57.47263336	0.646924198	1	-0.003049768	-0.037561869	-0.082339937	0.01313196	0.0	0.0	396.4826981723547	395.45204160912806	392.7309265
2015062217260176	-57.51984024	0.728911757	1	0.247628408	0.786477224	0.565499124	-0.626871232	0.0	0.0	400.2156893209654	414.08012237566015	397.2729797
2015062217260206	-57.52407837	0.749010324	1	0.184917824	0.741541866	0.378438224	-0.27395542	0.0	0.0	398.7948396458238	410.12775229745483	395.8892822
2015062217260431	-57.51173019	0.921515822	1	0.061009804	0.291946907	0.129583814	-0.061361908	0.0	0.0	397.9302585340692	402.73587052811445	395.5285645
2015062217260432	-57.52011871	0.915124178	1	0.042923246	0.74087186	0.10642587	0.067642287	0.0	0.0	395.88658678008954	403.7625140880386	392.9850464
2015062217260438	-57.57175064	0.878042758	1	0.150202211	0.02489889	0.430198679	-0.70655133	0.0	0.0	398.1712332770541	410.06969780991875	395.6134338
2015062217260731	-57.55055237	1.102942467	0	0.118322538	0.485625392	0.275073474	-0.244232164	0.0	0.0	395.96000079724496	403.9850246254532	393.0166016
2015062217260732	-57.55891418	1.096526504	1	0.203344984	0.184274914	0.392243525	-0.38667043	0.0	0.0	390.2144801212522	398.040151998791	386.7481384
2015062217260772	-57.5632019	1.116672039	1	-0.013608993	0.124396248	-0.057779033	-0.100095388	0.0	0.0	398.10938489476433	401.7750965472525	396.124176
2015062217260773	-57.5716629	1.110286236	0	0.033023975	0.582558503	0.076727059	-0.10838155	0.0	0.0	397.64355829925097	406.804039965438	395.35495
2015062217260774	-57.5802002	1.103957653	0	0.026620012	0.514331996	0.045720785	0.134014898	0.0	0.0	398.04368953383863	400.8085508923147	395.5367737
2015062217260775	-57.58872604	1.097750902	1	0.043667548	0.495721705	0.083614836	0.027580344	0.0	0.0	398.59270667161275	402.26588780694925	395.9797974
2015062217255007	-57.3794136	0.017780306	1	0.121091146	0.107355004	0.175780057	-0.119864071	0.0	0.0	395.3338541510522	398.2537813107306	392.4277344
2015062217255531	-57.39608002	0.377224565	1	0.124389753	0.056582276	0.227477441	-0.139311956	0.0	0.0	395.2978983492264	398.618906358283	391.831665
2015062217255573	-57.41728592	0.384774745	0	0.031998905	0.329762678	0.047323994	0.038020263	0.0	0.0	397.93105102191123	401.13576098284153	394.8684387
2015062217255574	-57.42590714	0.378543049	1	0.024439564	0.282488352	0.031665484	0.064508788	0.0	0.0	391.2434692649265	392.6143527887471	387.5925598
2015062217255603	-57.42149353	0.404933333	1	0.113164307	0.415530706	0.361205034	-0.656614681	0.0	0.0	397.8573423852131	414.4848704428553	394.7479248
2015062217255604	-57.43011475	0.398698956	0	0.040021035	0.493138503	0.086589632	-0.090968885	0.0	0.0	402.4584221359861	408.0620483466544	397.4069824
2015062217255634	-57.4343605	0.41888079	0	0.179554704	0.500954107	0.506497309	-0.892893804	0.0	0.0	400.9178648394842	418.68934872636214	397.8805542
2015062217255635	-57.44297028	0.412767887	0	0.053928177	0.348765002	0.074068526	0.008449409	0.0	0.0	401.86705488913356	402.65487333386716	396.5178223
2015062217255672	-57.42145157	0.451598078	1	0.103828743	-0.139819181	0.118054191	-0.40938738	0.0	0.0	398.18899204160664	404.50166677204714	396.4693909
2015062217255673	-57.42999268	0.445302695	0	0.086416659	0.263833625	0.121263995	-0.116353762	0.0	0.0	400.8676302630494	404.94177616353363	398.477356
2015062217255674	-57.43861008	0.439065307	0	0.062588589	0.30107442	0.076916717	0.020779591	0.0	0.0	401.7137120298321	402.7114196728301	397.7443237
2015062217255675	-57.44721985	0.432949752	1	0.038716872	0.27106932	0.035493894	0.109367631	0.0	0.0	398.9748336710422	398.6682249965953	396.4460144
2015062217255702	-57.42570877	0.471788019	0	0.076825922	-0.041834278	0.101867636	-0.239328277	0.0	0.0	403.0421019838503	404.06894590433023	398.0661926
2015062217255703	-57.43424606	0.465489984	0	0.010440485	0.387996079	0.035742202	0.109329382	0.0	0.0	402.7340775739527	403.13427461004767	398.2788696
2015062217255704	-57.44286346	0.459249943	0	0.008894421	0.321268674	0.027172059	0.059305133	0.0	0.0	403.29418828004333	403.39832908754613	398.7966309
2015062217255705	-57.45146561	0.453131735	0	0.010651482	0.299078817	0.020391048	0.139525063	0.0	0.0	402.17473854224954	400.89784567503057	398.6343079
2015062217255732	-57.42995834	0.491977096	0	-0.002482372	0.010852616	-0.030763239	0.114975583	0.0	0.0	399.9089741573473	399.78613662030455	397.3725281
2015062217255733	-57.43849564	0.485676408	0	0.023858369	0.373278293	0.044354491	0.144959501	0.0	0.0	nan	402.52976146661445	398.6828308
2015062217255734	-57.44710541	0.479433656	1	0.017029786	0.274009321	0.034397501	0.0527277	0.0	0.0	399.9008160419532	401.463370967208	397.3354797
2015062217255735	-57.45571136	0.473312736	1	0.018840827	0.208313775	0.023504862	0.121259584	0.0	0.0	402.8613621994346	400.30924061630105	398.2389526
2015062217255736	-57.4643898	0.467234582	1	0.029032683	0.16629691	0.023058172	0.189979722	0.0	0.0	396.9838595776616	394.80778388048276	394.2331848
2015062217253306	-57.15270996	-1.004019856	1	0.243082262	-0.303112931	0.178030653	-0.166777242	0.0	0.0	399.48812979215364	398.296149359478	398.0546875
2015062217253332	-57.12176514	-0.959974647	0	0.102016791	0.088824984	0.051382402	0.20771505	0.0	0.0	403.08542501320403	395.7063519769133	398.1476135
2015062217253333	-57.13047028	-0.966109395	1	0.093256586	0.083468177	0.044832162	0.230226216	0.0	0.0	400.05303867432485	395.17762833012085	397.2767029
2015062217253335	-57.14801788	-0.978138149	0	0.040967365	0.345616793	0.033677853	0.219442287	0.0	0.0	400.3828267815209	397.5094482272192	396.9403687
2015062217253336	-57.15686035	-0.984047055	1	0.034329411	0.287113786	0.029838006	0.188989897	0.0	0.0	401.2642215395687	399.4170475167623	399.3703308
2015062217253372	-57.12592316	-0.939991891	0	-0.003789941	0.045208594	-0.024278166	0.167017574	0.0	0.0	400.3374906512046	396.83701985948534	398.1945801
2015062217253373	-57.13462448	-0.946129084	0	0.018460699	0.202211056	0.015641482	0.192477185	0.0	0.0	401.51500625582645	399.3394608462252	399.1462402
2015062217253374	-57.1434021	-0.952206731	1	0.012647565	0.374990676	0.02460055	0.226498209	0.0	0.0	403.95187295968003	401.47087390780416	399.9565125
2015062217253375	-57.15216827	-0.958162665	0	0.013421261	0.366251894	0.018644281	0.263170004	0.0	0.0	399.74179289945585	397.8707202711203	397.528717
2015062217253376	-57.16101074	-0.964074075	1	0.019982884	0.256648885	0.018596336	0.181994553	0.0	0.0	399.0097396136422	397.4016183834621	397.8188477
2015062217253377	-57.16989136	-0.969926238	1	0.01494648	0.260068368	0.017330378	0.160691907	0.0	0.0	400.121900475893	400.0964072178543	398.9592896
2015062217253378	-57.17882156	-0.975724757	1	0.011450384	0.21278487	0.013313138	0.173292853	0.0	0.0	401.9955034369408	397.8973630762222	398.3303223
2015062217253404	-57.1475563	-0.932228684	1	0.024811715	-0.132935419	-0.007370364	0.045801115	0.0	0.0	nan	396.7757243605855	398.7926025
2015062217253405	-57.15631866	-0.938186824	0	0.01732594	0.349514052	0.027219951	0.209151356	0.0	0.0	398.61602245565786	398.6910004662578	399.6600952
2015062217253406	-57.16516495	-0.944091737	0	0.010571327	0.360874448	0.027827426	0.132590781	0.0	0.0	nan	nan	398.1802368
2015062217253408	-57.1829834	-0.955727041	1	0.007886112	0.292270387	0.021276473	0.12355784	0.0	0.0	399.28794330457885	399.5002729609955	396.9325256
2015062217253432	-57.13429642	-0.899930656	1	0.044923498	-0.627238614	-0.057942862	0.316855039	0.0	0.0	397.09919793501194	382.5481950904364	394.7325134
2015062217253434	-57.15177917	-0.912134826	1	0.026123294	-0.211130508	-0.02977311	0.077797954	0.0	0.0	399.57177611485776	395.43670405014785	397.7374878
2015062217253435	-57.16054535	-0.918085456	0	0.037467662	0.164204891	0.022721494	0.136618183	0.0	0.0	nan	400.1603334801414	399.5887146
2015062217253437	-57.17827606	-0.929838538	1	-0.00954005	0.326292755	-0.006618367	0.216900218	0.0	0.0	396.63514015412693	395.52113966405216	395.4089355
2015062217253438	-57.18720627	-0.93563199	1	-0.005489498	0.229527819	0.000797741	0.128876094	0.0	0.0	396.2261463824778	395.9404044262646	394.4138794
2015062217253474	-57.15600967	-0.892029524	1	0.456460001	-2.062715002	0.505697766	-1.508905999	0.0	0.0	399.06554143053864	nan	397.6140137
2015062217253475	-57.16477585	-0.897982657	0	0.326550219	-0.95887508	0.256868741	-0.556745367	0.0	0.0	403.08171080522186	403.40287293280926	400.4196472
2015062217253477	-57.18249512	-0.909740806	1	-0.037524168	-0.48198066	-0.137129127	0.114734777	0.0	0.0	398.90882582508556	391.90649357078325	396.5428772
2015062217253502	-57.14276505	-0.859709978	0	0.133174382	-0.264028888	0.147935525	-0.292439367	0.0	0.0	400.0558810917854	401.9531649942603	396.2403259
2015062217253506	-57.177845	-0.883786261	1	0.229347819	-2.205196259	0.126370878	-1.334513449	0.0	0.0	399.19301119608696	nan	397.592865
2015062217253536	-57.18213272	-0.86362195	1	0.442421061	-1.672732731	0.397536182	-1.04828041	0.0	0.0	399.701905709488	nan	397.5981445
2015062217252431	-56.9976387	-1.498111248	1	0.235725157	0.312858813	0.30133552	-0.174909004	0.0	0.0	398.16656462309476	404.75209237077996	395.8576965
2015062217252472	-57.01064301	-1.483992577	1	0.096036692	0.453523949	0.092478743	0.099827818	0.0	0.0	nan	403.0343600989979	398.5309753
2015062217252572	-57.0235939	-1.423385859	1	0.060026004	0.002828305	0.002971936	0.043969446	0.0	0.0	395.49087077855995	393.74220498157246	392.7567139
2015062217252603	-57.0366745	-1.409250975	1	0.023793457	0.137798847	0.013474872	0.11100238	0.0	0.0	398.7664568861442	397.3457360756519	397.2338257
2015062217252638	-57.0854454	-1.418388963	1	0.036920401	-0.246579289	-0.005557494	-0.075557187	0.0	0.0	400.3431988654964	399.6241931723594	398.6923828
2015062217251133	-56.84709549	-2.297825098	1	0.389157606	-1.973174958	0.2741795	-1.523754818	0.0	0.0	nan	nan	398.1296997
2015062217251134	-56.85604477	-2.303721666	1	0.243053003	-0.394284672	0.170628771	-0.423639554	0.0	0.0	398.5453265324643	nan	405.1554565
2015062217251137	-56.88303375	-2.320895195	1	0.329424487	0.571457902	0.327101338	-0.436762495	0.0	0.0	nan	nan	394.6359863
2015062217251138	-56.89212799	-2.326509714	1	0.358358813	-0.251572939	0.224143022	-0.199213762	0.0	0.0	397.89138472792365	396.57567404759266	396.1082153
2015062217251173	-56.85147476	-2.27759552	0	0.112492788	-0.167718789	0.106352828	-0.246260199	0.0	0.0	nan	nan	397.4236755
2015062217251174	-56.86042404	-2.283494473	1	0.041295811	0.349646126	0.054253122	0.15677493	0.0	0.0	397.8453897337511	398.651418513763	395.9094543
2015062217251201	-56.83821869	-2.245403051	0	-0.028627827	0.062616732	-0.053381129	0.099047317	0.0	0.0	398.46047990152607	396.9570354763696	395.4491577
2015062217251202	-56.84698868	-2.25140357	0	0.013963588	0.146065512	0.017044166	0.047423535	0.0	0.0	401.6828593854807	400.68215868660013	398.1091919
2015062217251203	-56.85585785	-2.257365942	0	0.03624565	0.112047854	0.026589096	0.08350784	0.0	0.0	400.30763744086676	398.11485851260915	395.7884827
2015062217251204	-56.8647995	-2.263267279	0	0.03379053	0.182931202	0.030265314	0.09318549	0.0	0.0	399.37670188078596	399.0713628724573	396.5779724
2015062217251205	-56.87372971	-2.269047022	0	0.018887912	0.286263141	0.028113336	0.118519695	0.0	0.0	398.16384944228105	398.65852216945984	395.7915039
2015062217251206	-56.88274002	-2.274781227	1	0.036148699	0.159699318	0.029613619	0.106263095	0.0	0.0	397.443837774984	396.55265907661897	396.0330505
2015062217251231	-56.84264755	-2.225174427	0	0.01500349	0.148373308	0.011238879	0.126095969	0.0	0.0	401.40899757347415	400.0446414111713	399.0154114
2015062217251232	-56.85141754	-2.231177568	0	0.030701	0.072700337	0.022303612	0.059992283	0.0	0.0	400.89635026545113	399.0910201027945	397.830658
2015062217251233	-56.86029053	-2.23714304	0	0.070418651	-0.178686424	0.069177985	-0.292368854	0.0	0.0	400.5191784048173	407.1100937410824	398.0216675
2015062217251234	-56.86923599	-2.243047237	0	0.124942015	-0.494423958	0.086217218	-0.407567958	0.0	0.0	401.5008053223642	403.1454269730916	398.6194458
2015062217251235	-56.87817001	-2.24883008	0	0.041655298	0.07170443	0.028700074	0.066943669	0.0	0.0	402.1518218231458	400.4309535913549	398.0230103
2015062217251236	-56.88717651	-2.254566669	0	0.014112289	0.170222302	0.014580184	0.093179246	0.0	0.0	401.46157739283564	399.5398122879957	398.4700623
2015062217251237	-56.89622498	-2.260243654	1	0.018623915	0.11515561	0.006688453	0.102767709	0.0	0.0	398.2560431089786	395.95637269656834	396.5715332
2015062217251238	-56.90531921	-2.265865803	1	0.074375956	-0.021326019	0.046235344	0.047855128	0.0	0.0	398.29831406106126	396.52835038725266	396.1759338
2015062217251271	-56.84709549	-2.204947948	0	0.017901411	0.117343818	0.01341344	0.071332702	0.0	0.0	400.9362956393884	400.26408483215056	397.024292
2015062217251272	-56.85586166	-2.210953712	1	0.048856635	-0.071489117	0.048600311	-0.140794021	0.0	0.0	398.8573166661099	401.0811381100187	398.0460205
2015062217251275	-56.88260651	-2.228613138	1	0.031650547	0.058560757	0.015944891	0.080086087	0.0	0.0	398.68036541029653	397.91392048156564	397.3421936
2015062217251276	-56.89161301	-2.234352112	1	0.007797095	0.195212828	0.019388757	0.03116352	0.0	0.0	399.1152083157301	400.4051620945921	397.2494202
2015062217251277	-56.90065765	-2.240031242	0	0.017848738	0.137386565	0.022127374	0.039050466	0.0	0.0	nan	402.78482854356514	398.1521606
2015062217251278	-56.90974808	-2.245656013	1	0.035984545	0.038188903	0.03020782	0.024753593	0.0	0.0	397.5753678546221	397.14301982209764	395.5939331
2015062217251301	-56.85153961	-2.184721708	0	0.009634974	0.138194899	0.010264999	0.064668993	0.0	0.0	401.68576441465206	401.9559990042451	398.8200378
2015062217251302	-56.86030579	-2.190729618	0	0.014489215	0.121709882	0.010863202	0.085351277	0.0	0.0	400.7951258964386	399.1425320101822	398.0526428
2015062217251303	-56.86917496	-2.196699619	1	0.030334936	0.047445596	0.03283095	-0.066305721	0.0	0.0	397.1888299779622	399.09651783567944	395.2106018
2015062217251306	-56.89604187	-2.214137316	1	0.007033157	0.161236526	0.008696962	0.087346893	0.0	0.0	399.640789196502	396.5917903661193	394.7142639
2015062217251307	-56.90507889	-2.219818592	1	0.011835841	0.127097633	0.015720575	0.025623229	0.0	0.0	397.8900878890067	399.6754214662562	398.1413879
2015062217251308	-56.91416168	-2.225445271	0	0.014283555	0.130431188	0.01342657	0.083031386	0.0	0.0	400.6420083779737	398.5886753634131	396.7019958
2015062217251331	-56.85593414	-2.164493322	0	0.003459277	0.151932863	0.007667732	0.042221046	0.0	0.0	399.94636232088567	401.26433031061333	397.2831116
2015062217251332	-56.86469269	-2.170503139	0	0.006615763	0.167009655	0.010434277	0.064536164	0.0	0.0	401.91470009828623	400.7422202852155	398.3102112
2015062217251333	-56.87355042	-2.176475286	0	0.00993472	0.155362223	0.009740018	0.056093446	0.0	0.0	399.3520992822838	399.9079671623567	396.6964111
2015062217251334	-56.88248444	-2.18238616	0	0.006631107	0.145876707	0.006591216	0.057611144	0.0	0.0	400.74286983568607	399.763393615309	397.085022
2015062217251335	-56.8914032	-2.188175678	1	-0.001767335	0.146214176	-0.001870266	0.068821242	0.0	0.0	399.87531400935575	398.084862134672	395.342804
2015062217251336	-56.90039825	-2.193919182	0	0.009716508	0.15188349	0.015880496	-0.000633428	0.0	0.0	401.859481995244	401.27611833718754	397.6507263
2015062217251337	-56.90943146	-2.199602604	1	0.01099428	0.140967752	0.01426716	0.011811983	0.0	0.0	397.63803213650004	396.4839284627625	394.8388367
2015062217251338	-56.91851425	-2.205231667	0	0.009404873	0.152335989	0.007966953	0.095364982	0.0	0.0	401.5213167251016	398.64370356072044	396.8003845
2015062217251371	-56.86030197	-2.144263506	1	0.019120558	0.040142379	0.0150355	-0.032991906	0.0	0.0	401.29515600894103	402.22822851503923	397.9215393
2015062217251372	-56.8690567	-2.150275707	0	0.018505824	0.157592059	0.017014128	0.098849432	0.0	0.0	400.5072419079712	398.1043901976683	396.8960876
2015062217251373	-56.87791061	-2.15625	1	0.013445887	0.164752539	0.017214605	0.032016042	0.0	0.0	398.8162471608749	401.0899529840459	397.497345
2015062217251374	-56.88684464	-2.162163258	0	0.000176249	0.220782429	0.011880611	0.067071846	0.0	0.0	402.5003842534626	401.2455327348199	397.7419739
2015062217251375	-56.89575958	-2.167954922	0	0.00681355	0.151145496	0.002507948	0.095912966	0.0	0.0	401.4839212129491	400.8409738296818	399.0680542
2015062217251376	-56.90475464	-2.173700809	0	-0.011970106	0.137776282	-0.019967249	0.113366936	0.0	0.0	402.3463753509666	400.277269095823	399.0428162
2015062217251377	-56.91378784	-2.179386616	1	-0.004566477	0.167824893	-0.012442944	0.205045857	0.0	0.0	401.597616773517	398.45741292776023	397.7831726
2015062217251378	-56.92286301	-2.185018063	0	0.011580554	0.148377164	0.009999248	0.087182492	0.0	0.0	400.210948993204	399.1172553845283	397.9065552
2015062217251401	-56.86466599	-2.124033928	1	0.045238407	-0.100285547	0.033354748	-0.011301418	0.0	0.0	399.3472411796673	397.8931532388876	398.7242737
2015062217251402	-56.87342072	-2.130048275	0	0.051544493	-0.035275085	0.046993979	-0.068576905	0.0	0.0	nan	400.70894666790497	398.6054077
2015062217251406	-56.90910339	-2.153485537	0	-0.012234126	0.155326894	-0.013247107	0.092575595	0.0	0.0	401.3349199777077	402.47393611837435	399.9904785
2015062217251407	-56.91812897	-2.159177065	1	0.034482913	0.022425224	0.022427926	0.041011521	0.0	0.0	403.046099746194	401.6203687866282	397.4101563
2015062217251408	-56.92720032	-2.164814234	0	0.014815059	0.177474908	0.014450965	0.087387551	0.0	0.0	403.4534746211999	402.5935048963942	398.4332581
2015062217251431	-56.86898804	-2.10383296	0	0.014306116	0.199506299	0.021262217	0.101835535	0.0	0.0	403.49603814285086	402.1989934214528	399.4751587
2015062217251432	-56.87773514	-2.109853029	0	0.006958089	0.244591898	0.017343718	0.090528075	0.0	0.0	402.13026821597856	404.3834847929823	399.5601501
2015062217251433	-56.88658142	-2.11583519	0	0.008044501	0.192880059	0.015781259	0.057891958	0.0	0.0	401.0931128971135	402.1854932688675	398.3192749
2015062217251434	-56.895504	-2.121756554	1	0.00058281	0.241168308	0.014306621	0.057780776	0.0	0.0	402.41649457788066	402.6290495542375	398.4556885
2015062217251438	-56.93148804	-2.144643784	1	0.032822097	-0.210432366	0.002330959	-0.080647135	0.0	0.0	400.43463406387997	nan	397.5782166
2015062217251471	-56.87329102	-2.083646059	1	0.019601708	0.218220636	0.035480331	0.075598276	0.0	0.0	402.6549149863993	405.4649779878358	401.2173157
2015062217251472	-56.8820343	-2.089668274	0	0.011703109	0.201633756	0.028193719	0.049313019	0.0	0.0	405.23580556261214	404.07065673506844	400.0132751
2015062217251475	-56.90870285	-2.107378483	1	0.002671769	0.212887611	0.007767798	0.103420643	0.0	0.0	404.4626068910128	403.4313481821699	398.949585
2015062217251476	-56.91768646	-2.113134861	0	0.007144203	0.18702562	0.014417555	0.049016389	0.0	0.0	402.6726519206392	400.81328584696166	397.6001892
2015062217251477	-56.92670441	-2.118831158	1	0.016864154	0.162031563	0.021741546	0.033507106	0.0	0.0	401.5747260293158	402.20030374704714	397.6170959
2015062217251478	-56.93577194	-2.124473095	1	0.056535892	-0.248644435	0.038175338	-0.129000902	0.0	0.0	401.2628034623444	399.5224252018862	399.0312805
2015062217251502	-56.88633347	-2.069483519	0	0.031618198	0.263170795	0.043663552	0.103023289	0.0	0.0	401.0869290023835	401.12034191721096	398.8145752
2015062217251505	-56.9129982	-2.08720088	1	0.010363276	0.148345723	0.009012822	0.12781944	0.0	0.0	405.3180989541872	401.1883482825869	399.070343
2015062217251506	-56.92197418	-2.092958212	1	0.015703829	0.100845439	0.012562535	0.070979964	0.0	0.0	401.162372992772	402.30081847131333	398.8370972
2015062217251507	-56.93099213	-2.098655701	1	0.012366208	0.171453643	0.010315255	0.101811374	0.0	0.0	398.4371771104362	397.3270648231295	396.9725952
2015062217251508	-56.94005585	-2.10429883	1	-0.004628882	0.295766951	0.012775428	0.087362394	0.0	0.0	399.1440768159862	400.19914978967086	397.9006042
2015062217251534	-56.90838623	-2.061202288	1	0.010402486	0.356531362	0.028861259	0.175945548	0.0	0.0	402.0624803672602	401.6935654376674	398.7734985
2015062217251535	-56.91728592	-2.067008018	0	0.013583642	0.222218451	0.023413395	0.123176922	0.0	0.0	405.1221897621125	401.8229566353561	399.9367065
2015062217251536	-56.9262619	-2.072767735	0	0.00145271	0.145318311	-0.004180407	0.087180449	0.0	0.0	403.82501711678236	402.21153014416524	399.2956238
2015062217251537	-56.93527985	-2.078467369	0	0.008466377	0.169544008	0.012772674	0.099594703	0.0	0.0	400.9767547452174	400.6456265600092	398.6792297
2015062217251538	-56.94434357	-2.084112883	0	-0.00867013	0.27230351	0.011616104	0.09490406	0.0	0.0	402.31797699406235	401.44503337069267	398.8377991
2015062217251575	-56.92157745	-2.04681468	1	-0.004177121	0.125667903	-0.022926593	0.170078721	0.0	0.0	402.5041182273663	400.7656355617236	399.5703735
2015062217251576	-56.93054962	-2.05257678	0	-0.01944853	-0.038909891	-0.0588172	0.135607718	0.0	0.0	402.1651434417817	397.92513134665325	399.6541748
2015062217251577	-56.93956757	-2.058279037	0	-0.025861428	0.143751253	-0.041969502	0.170332898	0.0	0.0	401.46164526236834	399.4815633236732	397.9732666
2015062217251578	-56.94862747	-2.063926935	0	0.011642184	0.23720042	0.021600455	0.119285662	0.0	0.0	nan	401.70476938615855	399.8613892
2015062217251608	-56.95290756	-2.043729544	1	0.0129876	0.280676924	-0.007233205	0.183135485	0.0	0.0	401.2623996373925	398.62050226045153	398.4651489
2015062217260773	-57.5716629	1.110286236	0	0.033023975	0.582558503	0.076727059	-0.10838155	0.0	0.0	397.64355829925097	406.804039965438	395.35495
2015062217262203	-57.75500488	1.977570772	1	0.02694119	0.418785409	0.056902264	0.040349699	0.0	0.0	395.9547196971121	399.6076186788277	392.9636536
2015062217262338	-57.81467819	2.026535273	1	0.018193736	0.454080931	0.051873942	0.119151442	0.0	0.0	400.0222113124312	402.06404208345236	397.205658
2015062217261937	-57.75440216	1.791135073	1	0.040568191	0.524679667	0.072900059	0.066242828	0.0	0.0	398.2743201481517	401.40545825548645	396.2470398
2015062217260805	-57.59300613	1.117888689	0	0.014854312	0.263145138	0.03025167	0.045333378	0.0	0.0	403.48979012203733	403.170743881862	398.4980774
2015062217260837	-57.61447144	1.125784755	1	-0.007291286	-0.02348856	-0.061447338	0.107303025	0.0	0.0	400.1220741701057	397.0894522187483	397.1517944
2015062217260806	-57.60160446	1.111723661	1	0.015112684	0.320144761	0.036315952	0.07629395	0.0	0.0	399.489917415797	400.9362178290542	397.4008484
2015062217260774	-57.5802002	1.103957653	0	0.026620012	0.514331996	0.045720785	0.134014898	0.0	0.0	398.04368953383863	400.8085508923147	395.5367737
2015062217260831	-57.56339264	1.163411379	1	0.036801405	0.612183645	0.075592904	0.067222694	0.0	0.0	397.6274178199458	403.5313084357645	395.4182434
2015062217260804	-57.58448029	1.124097943	1	0.012262685	0.382697649	0.034321264	0.130086139	0.0	0.0	400.7224066032086	402.39012160653175	397.6006775
2015062217260775	-57.58872604	1.097750902	1	0.043667548	0.495721705	0.083614836	0.027580344	0.0	0.0	398.59270667161275	402.26588780694925	395.9797974
2015062217262233	-57.75932312	1.997688174	0	0.041408445	0.457128301	0.06458605	0.005303341	0.0	0.0	401.2870146796875	406.26408426131155	398.6572266
2015062217261503	-57.66545105	1.554098368	1	0.058542514	1.012381836	0.115483925	0.046281773	0.0	0.0	399.5644968643449	410.26412749076525	396.9619751
2015062217261504	-57.67392731	1.547712922	1	0.016726804	0.988495438	0.068204708	0.066148067	0.0	0.0	394.4355861617267	404.74771448825504	390.676178
2015062217261008	-57.64439392	1.220537782	0	0.059981012	0.771641212	0.076904148	0.080902412	0.0	0.0	402.56482439935974	406.8410476434503	398.7694092
2015062217261302	-57.63165665	1.439639568	1	-0.020883339	0.423535716	-0.025202684	-0.00809979	0.0	0.0	397.973220570127	404.19939288802897	395.3314819
